+=====+========+========+========+
|  #  | Cipher | Plain  |  Key   | Proof: Cipher ⊕ Plain = Key
+=====+========+========+========+
|   1 | KHHLTK | EELIER | KHRSTT | [011 001 001 100 111 011] ⊕ [000 000 100 010 000 101] = [011 001 101 110 111 111]
|   2 | KHHLTK | EERIER | KHRSTT | [011 001 001 100 111 011] ⊕ [000 000 101 010 000 101] = [011 001 101 110 111 111]
|   3 | KHHLTK | EHLITE | KHRSTK | [011 001 001 100 111 011] ⊕ [000 001 100 010 111 000] = [011 001 101 110 111 011]
|   4 | KHHLTK | EISELE | KKTLTK | [011 001 001 100 111 011] ⊕ [000 010 110 000 100 000] = [011 011 111 100 111 011]
|   5 | KHHLTK | EISELL | KKTLTT | [011 001 001 100 111 011] ⊕ [000 010 110 000 100 100] = [011 011 111 100 111 111]
|   6 | KHHLTK | EISLER | KKTLTT | [011 001 001 100 111 011] ⊕ [000 010 110 100 000 101] = [011 011 111 100 111 111]
|   7 | KHHLTK | EITHER | KKTRTT | [011 001 001 100 111 011] ⊕ [000 010 111 001 000 101] = [011 011 111 101 111 111]
|   8 | KHHLTK | ELEELE | KRHLTK | [011 001 001 100 111 011] ⊕ [000 100 000 000 100 000] = [011 101 001 100 111 011]
|   9 | KHHLTK | ELISEE | KRKSTK | [011 001 001 100 111 011] ⊕ [000 100 010 110 000 000] = [011 101 011 110 111 011]
|  10 | KHHLTK | ELITES | KRKTTT | [011 001 001 100 111 011] ⊕ [000 100 010 111 000 110] = [011 101 011 111 111 111]
|  11 | KHHLTK | ELLETT | KRRLTT | [011 001 001 100 111 011] ⊕ [000 100 100 000 111 111] = [011 101 101 100 111 111]
|  12 | KHHLTK | ERRITE | KRRSTK | [011 001 001 100 111 011] ⊕ [000 101 101 010 111 000] = [011 101 101 110 111 011]
|  13 | KHHLTK | ESKERS | KTKLTT | [011 001 001 100 111 011] ⊕ [000 110 011 000 101 110] = [011 111 011 100 111 111]
|  14 | KHHLTK | ESKILL | KTKSTT | [011 001 001 100 111 011] ⊕ [000 110 011 010 100 100] = [011 111 011 110 111 111]
|  15 | KHHLTK | ESTELE | KTTLTK | [011 001 001 100 111 011] ⊕ [000 110 111 000 100 000] = [011 111 111 100 111 011]
|  16 | KHHLTK | ESTELI | KTTLTK | [011 001 001 100 111 011] ⊕ [000 110 111 000 100 010] = [011 111 111 100 111 011]
|  17 | KHHLTK | ESTELL | KTTLTT | [011 001 001 100 111 011] ⊕ [000 110 111 000 100 100] = [011 111 111 100 111 111]
|  18 | KHHLTK | ESTERS | KTTLTT | [011 001 001 100 111 011] ⊕ [000 110 111 000 101 110] = [011 111 111 100 111 111]
|  19 | KHHLTK | ESTHER | KTTRTT | [011 001 001 100 111 011] ⊕ [000 110 111 001 000 101] = [011 111 111 101 111 111]
|  20 | KHHLTK | ESTILL | KTTSTT | [011 001 001 100 111 011] ⊕ [000 110 111 010 100 100] = [011 111 111 110 111 111]
|  21 | KHHLTK | ETHERS | KTHLTT | [011 001 001 100 111 011] ⊕ [000 111 001 000 101 110] = [011 111 001 100 111 111]
|  22 | KHHLTK | ETRIER | KTRSTT | [011 001 001 100 111 011] ⊕ [000 111 101 010 000 101] = [011 111 101 110 111 111]
|  23 | KHHLTK | ETTERS | KTTLTT | [011 001 001 100 111 011] ⊕ [000 111 111 000 101 110] = [011 111 111 100 111 111]
|  24 | KHHLTK | HEELER | KHHLTT | [011 001 001 100 111 011] ⊕ [001 000 000 100 000 101] = [011 001 001 100 111 111]
|  25 | KHHLTK | HEISEL | KHKSTT | [011 001 001 100 111 011] ⊕ [001 000 010 110 000 100] = [011 001 011 110 111 111]
|  26 | KHHLTK | HEISHI | KHKSTK | [011 001 001 100 111 011] ⊕ [001 000 010 110 001 010] = [011 001 011 110 111 011]
|  27 | KHHLTK | HEISTS | KHKSTT | [011 001 001 100 111 011] ⊕ [001 000 010 110 111 110] = [011 001 011 110 111 111]
|  28 | KHHLTK | HEKKER | KHKTTT | [011 001 001 100 111 011] ⊕ [001 000 011 011 000 101] = [011 001 011 111 111 111]
|  29 | KHHLTK | HELLER | KHRLTT | [011 001 001 100 111 011] ⊕ [001 000 100 100 000 101] = [011 001 101 100 111 111]
|  30 | KHHLTK | HELLES | KHRLTT | [011 001 001 100 111 011] ⊕ [001 000 100 100 000 110] = [011 001 101 100 111 111]
|  31 | KHHLTK | HELSIE | KHRSTK | [011 001 001 100 111 011] ⊕ [001 000 100 110 010 000] = [011 001 101 110 111 011]
|  32 | KHHLTK | HERILE | KHRSTK | [011 001 001 100 111 011] ⊕ [001 000 101 010 100 000] = [011 001 101 110 111 011]
|  33 | KHHLTK | HERRLE | KHRRTK | [011 001 001 100 111 011] ⊕ [001 000 101 101 100 000] = [011 001 101 101 111 011]
|  34 | KHHLTK | HERSIR | KHRSTT | [011 001 001 100 111 011] ⊕ [001 000 101 110 010 101] = [011 001 101 110 111 111]
|  35 | KHHLTK | HERTEL | KHRTTT | [011 001 001 100 111 011] ⊕ [001 000 101 111 000 100] = [011 001 101 111 111 111]
|  36 | KHHLTK | HERTER | KHRTTT | [011 001 001 100 111 011] ⊕ [001 000 101 111 000 101] = [011 001 101 111 111 111]
|  37 | KHHLTK | HESLER | KHTLTT | [011 001 001 100 111 011] ⊕ [001 000 110 100 000 101] = [011 001 111 100 111 111]
|  38 | KHHLTK | HESSEL | KHTSTT | [011 001 001 100 111 011] ⊕ [001 000 110 110 000 100] = [011 001 111 110 111 111]
|  39 | KHHLTK | HESTER | KHTTTT | [011 001 001 100 111 011] ⊕ [001 000 110 111 000 101] = [011 001 111 111 111 111]
|  40 | KHHLTK | HETTER | KHTTTT | [011 001 001 100 111 011] ⊕ [001 000 111 111 000 101] = [011 001 111 111 111 111]
|  41 | KHHLTK | HETTIE | KHTTTK | [011 001 001 100 111 011] ⊕ [001 000 111 111 010 000] = [011 001 111 111 111 011]
|  42 | KHHLTK | HIKERS | KKKLTT | [011 001 001 100 111 011] ⊕ [001 010 011 000 101 110] = [011 011 011 100 111 111]
|  43 | KHHLTK | HILLEL | KKRLTT | [011 001 001 100 111 011] ⊕ [001 010 100 100 000 100] = [011 011 101 100 111 111]
|  44 | KHHLTK | HILLER | KKRLTT | [011 001 001 100 111 011] ⊕ [001 010 100 100 000 101] = [011 011 101 100 111 111]
|  45 | KHHLTK | HILLET | KKRLTT | [011 001 001 100 111 011] ⊕ [001 010 100 100 000 111] = [011 011 101 100 111 111]
|  46 | KHHLTK | HILLIE | KKRLTK | [011 001 001 100 111 011] ⊕ [001 010 100 100 010 000] = [011 011 101 100 111 011]
|  47 | KHHLTK | HILLIS | KKRLTT | [011 001 001 100 111 011] ⊕ [001 010 100 100 010 110] = [011 011 101 100 111 111]
|  48 | KHHLTK | HIRERS | KKRLTT | [011 001 001 100 111 011] ⊕ [001 010 101 000 101 110] = [011 011 101 100 111 111]
|  49 | KHHLTK | HIRSEL | KKRSTT | [011 001 001 100 111 011] ⊕ [001 010 101 110 000 100] = [011 011 101 110 111 111]
|  50 | KHHLTK | HIRSLE | KKRSTK | [011 001 001 100 111 011] ⊕ [001 010 101 110 100 000] = [011 011 101 110 111 011]
|  51 | KHHLTK | HISSEL | KKTSTT | [011 001 001 100 111 011] ⊕ [001 010 110 110 000 100] = [011 011 111 110 111 111]
|  52 | KHHLTK | HISSER | KKTSTT | [011 001 001 100 111 011] ⊕ [001 010 110 110 000 101] = [011 011 111 110 111 111]
|  53 | KHHLTK | HISSES | KKTSTT | [011 001 001 100 111 011] ⊕ [001 010 110 110 000 110] = [011 011 111 110 111 111]
|  54 | KHHLTK | HISTER | KKTTTT | [011 001 001 100 111 011] ⊕ [001 010 110 111 000 101] = [011 011 111 111 111 111]
|  55 | KHHLTK | HISTIE | KKTTTK | [011 001 001 100 111 011] ⊕ [001 010 110 111 010 000] = [011 011 111 111 111 011]
|  56 | KHHLTK | HITHER | KKTRTT | [011 001 001 100 111 011] ⊕ [001 010 111 001 000 101] = [011 011 111 101 111 111]
|  57 | KHHLTK | HITLER | KKTLTT | [011 001 001 100 111 011] ⊕ [001 010 111 100 000 101] = [011 011 111 100 111 111]
|  58 | KHHLTK | HITTEL | KKTTTT | [011 001 001 100 111 011] ⊕ [001 010 111 111 000 100] = [011 011 111 111 111 111]
|  59 | KHHLTK | HITTER | KKTTTT | [011 001 001 100 111 011] ⊕ [001 010 111 111 000 101] = [011 011 111 111 111 111]
|  60 | KHHLTK | IIETTE | KKHTTK | [011 001 001 100 111 011] ⊕ [010 010 000 111 111 000] = [011 011 001 111 111 011]
|  61 | KHHLTK | ILLESS | KRRLTT | [011 001 001 100 111 011] ⊕ [010 100 100 000 110 110] = [011 101 101 100 111 111]
|  62 | KHHLTK | ILLEST | KRRLTT | [011 001 001 100 111 011] ⊕ [010 100 100 000 110 111] = [011 101 101 100 111 111]
|  63 | KHHLTK | ILLISH | KRRSTK | [011 001 001 100 111 011] ⊕ [010 100 100 010 110 001] = [011 101 101 110 111 011]
|  64 | KHHLTK | ILLITE | KRRSTK | [011 001 001 100 111 011] ⊕ [010 100 100 010 111 000] = [011 101 101 110 111 011]
|  65 | KHHLTK | IRISES | KRKSTT | [011 001 001 100 111 011] ⊕ [010 101 010 110 000 110] = [011 101 011 110 111 111]
|  66 | KHHLTK | IRITIS | KRKTTT | [011 001 001 100 111 011] ⊕ [010 101 010 111 010 110] = [011 101 011 111 111 111]
|  67 | KHHLTK | IRRITE | KRRSTK | [011 001 001 100 111 011] ⊕ [010 101 101 010 111 000] = [011 101 101 110 111 011]
|  68 | KHHLTK | IRTISH | KRTSTK | [011 001 001 100 111 011] ⊕ [010 101 111 010 110 001] = [011 101 111 110 111 011]
|  69 | KHHLTK | ISLETS | KTRLTT | [011 001 001 100 111 011] ⊕ [010 110 100 000 111 110] = [011 111 101 100 111 111]
|  70 | KHHLTK | ISSEIS | KTTLTT | [011 001 001 100 111 011] ⊕ [010 110 110 000 010 110] = [011 111 111 100 111 111]
|  71 | KHHLTK | ISSITE | KTTSTK | [011 001 001 100 111 011] ⊕ [010 110 110 010 111 000] = [011 111 111 110 111 011]
|  72 | KHHLTK | ISTLES | KTTLTT | [011 001 001 100 111 011] ⊕ [010 110 111 100 000 110] = [011 111 111 100 111 111]
|  73 | KHHLTK | ITHIEL | KTHSTT | [011 001 001 100 111 011] ⊕ [010 111 001 010 000 100] = [011 111 001 110 111 111]
|  74 | KHHLTK | KEEKER | KHHTTT | [011 001 001 100 111 011] ⊕ [011 000 000 011 000 101] = [011 001 001 111 111 111]
|  75 | KHHLTK | KEELER | KHHLTT | [011 001 001 100 111 011] ⊕ [011 000 000 100 000 101] = [011 001 001 100 111 111]
|  76 | KHHLTK | KEELIE | KHHLTK | [011 001 001 100 111 011] ⊕ [011 000 000 100 010 000] = [011 001 001 100 111 011]
|  77 | KHHLTK | KEERIE | KHHRTK | [011 001 001 100 111 011] ⊕ [011 000 000 101 010 000] = [011 001 001 101 111 011]
|  78 | KHHLTK | KEISER | KHKSTT | [011 001 001 100 111 011] ⊕ [011 000 010 110 000 101] = [011 001 011 110 111 111]
|  79 | KHHLTK | KEITEL | KHKTTT | [011 001 001 100 111 011] ⊕ [011 000 010 111 000 100] = [011 001 011 111 111 111]
|  80 | KHHLTK | KELLER | KHRLTT | [011 001 001 100 111 011] ⊕ [011 000 100 100 000 101] = [011 001 101 100 111 111]
|  81 | KHHLTK | KELLET | KHRLTT | [011 001 001 100 111 011] ⊕ [011 000 100 100 000 111] = [011 001 101 100 111 111]
|  82 | KHHLTK | KELLIE | KHRLTK | [011 001 001 100 111 011] ⊕ [011 000 100 100 010 000] = [011 001 101 100 111 011]
|  83 | KHHLTK | KELTER | KHRTTT | [011 001 001 100 111 011] ⊕ [011 000 100 111 000 101] = [011 001 101 111 111 111]
|  84 | KHHLTK | KELTIE | KHRTTK | [011 001 001 100 111 011] ⊕ [011 000 100 111 010 000] = [011 001 101 111 111 011]
|  85 | KHHLTK | KERITE | KHRSTK | [011 001 001 100 111 011] ⊕ [011 000 101 010 111 000] = [011 001 101 110 111 011]
|  86 | KHHLTK | KERRIE | KHRRTK | [011 001 001 100 111 011] ⊕ [011 000 101 101 010 000] = [011 001 101 101 111 011]
|  87 | KHHLTK | KERRIL | KHRRTT | [011 001 001 100 111 011] ⊕ [011 000 101 101 010 100] = [011 001 101 101 111 111]
|  88 | KHHLTK | KESLIE | KHTLTK | [011 001 001 100 111 011] ⊕ [011 000 110 100 010 000] = [011 001 111 100 111 011]
|  89 | KHHLTK | KESSEL | KHTSTT | [011 001 001 100 111 011] ⊕ [011 000 110 110 000 100] = [011 001 111 110 111 111]
|  90 | KHHLTK | KESTER | KHTTTT | [011 001 001 100 111 011] ⊕ [011 000 110 111 000 101] = [011 001 111 111 111 111]
|  91 | KHHLTK | KETTIE | KHTTTK | [011 001 001 100 111 011] ⊕ [011 000 111 111 010 000] = [011 001 111 111 111 011]
|  92 | KHHLTK | KETTLE | KHTTTK | [011 001 001 100 111 011] ⊕ [011 000 111 111 100 000] = [011 001 111 111 111 011]
|  93 | KHHLTK | KHETHS | KHHTTT | [011 001 001 100 111 011] ⊕ [011 001 000 111 001 110] = [011 001 001 111 111 111]
|  94 | KHHLTK | KIEKIE | KKHTTK | [011 001 001 100 111 011] ⊕ [011 010 000 011 010 000] = [011 011 001 111 111 011]
|  95 | KHHLTK | KIELER | KKHLTT | [011 001 001 100 111 011] ⊕ [011 010 000 100 000 101] = [011 011 001 100 111 111]
|  96 | KHHLTK | KILLER | KKRLTT | [011 001 001 100 111 011] ⊕ [011 010 100 100 000 101] = [011 011 101 100 111 111]
|  97 | KHHLTK | KILLIE | KKRLTK | [011 001 001 100 111 011] ⊕ [011 010 100 100 010 000] = [011 011 101 100 111 011]
|  98 | KHHLTK | KILTER | KKRTTT | [011 001 001 100 111 011] ⊕ [011 010 100 111 000 101] = [011 011 101 111 111 111]
|  99 | KHHLTK | KILTIE | KKRTTK | [011 001 001 100 111 011] ⊕ [011 010 100 111 010 000] = [011 011 101 111 111 011]
| 100 | KHHLTK | KIRKER | KKRTTT | [011 001 001 100 111 011] ⊕ [011 010 101 011 000 101] = [011 011 101 111 111 111]
| 101 | KHHLTK | KIRSTI | KKRSTK | [011 001 001 100 111 011] ⊕ [011 010 101 110 111 010] = [011 011 101 110 111 011]
| 102 | KHHLTK | KIRTLE | KKRTTK | [011 001 001 100 111 011] ⊕ [011 010 101 111 100 000] = [011 011 101 111 111 011]
| 103 | KHHLTK | KISHKE | KKTRTK | [011 001 001 100 111 011] ⊕ [011 010 110 001 011 000] = [011 011 111 101 111 011]
| 104 | KHHLTK | KISSEE | KKTSTK | [011 001 001 100 111 011] ⊕ [011 010 110 110 000 000] = [011 011 111 110 111 011]
| 105 | KHHLTK | KISSEL | KKTSTT | [011 001 001 100 111 011] ⊕ [011 010 110 110 000 100] = [011 011 111 110 111 111]
| 106 | KHHLTK | KISSER | KKTSTT | [011 001 001 100 111 011] ⊕ [011 010 110 110 000 101] = [011 011 111 110 111 111]
| 107 | KHHLTK | KISSES | KKTSTT | [011 001 001 100 111 011] ⊕ [011 010 110 110 000 110] = [011 011 111 110 111 111]
| 108 | KHHLTK | KISSIE | KKTSTK | [011 001 001 100 111 011] ⊕ [011 010 110 110 010 000] = [011 011 111 110 111 011]
| 109 | KHHLTK | KITERS | KKTLTT | [011 001 001 100 111 011] ⊕ [011 010 111 000 101 110] = [011 011 111 100 111 111]
| 110 | KHHLTK | KITHES | KKTRTT | [011 001 001 100 111 011] ⊕ [011 010 111 001 000 110] = [011 011 111 101 111 111]
| 111 | KHHLTK | KITISH | KKTSTK | [011 001 001 100 111 011] ⊕ [011 010 111 010 110 001] = [011 011 111 110 111 011]
| 112 | KHHLTK | KITTEL | KKTTTT | [011 001 001 100 111 011] ⊕ [011 010 111 111 000 100] = [011 011 111 111 111 111]
| 113 | KHHLTK | KITTER | KKTTTT | [011 001 001 100 111 011] ⊕ [011 010 111 111 000 101] = [011 011 111 111 111 111]
| 114 | KHHLTK | KITTIE | KKTTTK | [011 001 001 100 111 011] ⊕ [011 010 111 111 010 000] = [011 011 111 111 111 011]
| 115 | KHHLTK | KITTLE | KKTTTK | [011 001 001 100 111 011] ⊕ [011 010 111 111 100 000] = [011 011 111 111 111 011]
| 116 | KHHLTK | KLEIST | KRHSTT | [011 001 001 100 111 011] ⊕ [011 100 000 010 110 111] = [011 101 001 110 111 111]
| 117 | KHHLTK | KREESE | KRHLTK | [011 001 001 100 111 011] ⊕ [011 101 000 000 110 000] = [011 101 001 100 111 011]
| 118 | KHHLTK | KRILLS | KRKLTT | [011 001 001 100 111 011] ⊕ [011 101 010 100 100 110] = [011 101 011 100 111 111]
| 119 | KHHLTK | KRISES | KRKSTT | [011 001 001 100 111 011] ⊕ [011 101 010 110 000 110] = [011 101 011 110 111 111]
| 120 | KHHLTK | KRISTE | KRKSTK | [011 001 001 100 111 011] ⊕ [011 101 010 110 111 000] = [011 101 011 110 111 011]
| 121 | KHHLTK | KRISTI | KRKSTK | [011 001 001 100 111 011] ⊕ [011 101 010 110 111 010] = [011 101 011 110 111 011]
| 122 | KHHLTK | LEESER | THHSTT | [011 001 001 100 111 011] ⊕ [100 000 000 110 000 101] = [111 001 001 110 111 111]
| 123 | KHHLTK | LEETLE | THHTTK | [011 001 001 100 111 011] ⊕ [100 000 000 111 100 000] = [111 001 001 111 111 011]
| 124 | KHHLTK | LEHRER | THHRTT | [011 001 001 100 111 011] ⊕ [100 000 001 101 000 101] = [111 001 001 101 111 111]
| 125 | KHHLTK | LEISER | THKSTT | [011 001 001 100 111 011] ⊕ [100 000 010 110 000 101] = [111 001 011 110 111 111]
| 126 | KHHLTK | LEITER | THKTTT | [011 001 001 100 111 011] ⊕ [100 000 010 111 000 101] = [111 001 011 111 111 111]
| 127 | KHHLTK | LEKKER | THKTTT | [011 001 001 100 111 011] ⊕ [100 000 011 011 000 101] = [111 001 011 111 111 111]
| 128 | KHHLTK | LELITH | THRSTK | [011 001 001 100 111 011] ⊕ [100 000 100 010 111 001] = [111 001 101 110 111 011]
| 129 | KHHLTK | LERRET | THRRTT | [011 001 001 100 111 011] ⊕ [100 000 101 101 000 111] = [111 001 101 101 111 111]
| 130 | KHHLTK | LESLEE | THTLTK | [011 001 001 100 111 011] ⊕ [100 000 110 100 000 000] = [111 001 111 100 111 011]
| 131 | KHHLTK | LESLIE | THTLTK | [011 001 001 100 111 011] ⊕ [100 000 110 100 010 000] = [111 001 111 100 111 011]
| 132 | KHHLTK | LESSEE | THTSTK | [011 001 001 100 111 011] ⊕ [100 000 110 110 000 000] = [111 001 111 110 111 011]
| 133 | KHHLTK | LESSER | THTSTT | [011 001 001 100 111 011] ⊕ [100 000 110 110 000 101] = [111 001 111 110 111 111]
| 134 | KHHLTK | LESSES | THTSTT | [011 001 001 100 111 011] ⊕ [100 000 110 110 000 110] = [111 001 111 110 111 111]
| 135 | KHHLTK | LESTER | THTTTT | [011 001 001 100 111 011] ⊕ [100 000 110 111 000 101] = [111 001 111 111 111 111]
| 136 | KHHLTK | LETHES | THTRTT | [011 001 001 100 111 011] ⊕ [100 000 111 001 000 110] = [111 001 111 101 111 111]
| 137 | KHHLTK | LETTER | THTTTT | [011 001 001 100 111 011] ⊕ [100 000 111 111 000 101] = [111 001 111 111 111 111]
| 138 | KHHLTK | LETTIE | THTTTK | [011 001 001 100 111 011] ⊕ [100 000 111 111 010 000] = [111 001 111 111 111 011]
| 139 | KHHLTK | LIERRE | TKHRTK | [011 001 001 100 111 011] ⊕ [100 010 000 101 101 000] = [111 011 001 101 111 011]
| 140 | KHHLTK | LIKERS | TKKLTT | [011 001 001 100 111 011] ⊕ [100 010 011 000 101 110] = [111 011 011 100 111 111]
| 141 | KHHLTK | LIKEST | TKKLTT | [011 001 001 100 111 011] ⊕ [100 010 011 000 110 111] = [111 011 011 100 111 111]
| 142 | KHHLTK | LIKKER | TKKTTT | [011 001 001 100 111 011] ⊕ [100 010 011 011 000 101] = [111 011 011 111 111 111]
| 143 | KHHLTK | LILIES | TKRSTT | [011 001 001 100 111 011] ⊕ [100 010 100 010 000 110] = [111 011 101 110 111 111]
| 144 | KHHLTK | LILITH | TKRSTK | [011 001 001 100 111 011] ⊕ [100 010 100 010 111 001] = [111 011 101 110 111 011]
| 145 | KHHLTK | LILLIE | TKRLTK | [011 001 001 100 111 011] ⊕ [100 010 100 100 010 000] = [111 011 101 100 111 011]
| 146 | KHHLTK | LILLIS | TKRLTT | [011 001 001 100 111 011] ⊕ [100 010 100 100 010 110] = [111 011 101 100 111 111]
| 147 | KHHLTK | LISERE | TKTLTK | [011 001 001 100 111 011] ⊕ [100 010 110 000 101 000] = [111 011 111 100 111 011]
| 148 | KHHLTK | LISLES | TKTLTT | [011 001 001 100 111 011] ⊕ [100 010 110 100 000 110] = [111 011 111 100 111 111]
| 149 | KHHLTK | LISSES | TKTSTT | [011 001 001 100 111 011] ⊕ [100 010 110 110 000 110] = [111 011 111 110 111 111]
| 150 | KHHLTK | LISSIE | TKTSTK | [011 001 001 100 111 011] ⊕ [100 010 110 110 010 000] = [111 011 111 110 111 011]
| 151 | KHHLTK | LISTEL | TKTTTT | [011 001 001 100 111 011] ⊕ [100 010 110 111 000 100] = [111 011 111 111 111 111]
| 152 | KHHLTK | LISTER | TKTTTT | [011 001 001 100 111 011] ⊕ [100 010 110 111 000 101] = [111 011 111 111 111 111]
| 153 | KHHLTK | LISTIE | TKTTTK | [011 001 001 100 111 011] ⊕ [100 010 110 111 010 000] = [111 011 111 111 111 011]
| 154 | KHHLTK | LITERS | TKTLTT | [011 001 001 100 111 011] ⊕ [100 010 111 000 101 110] = [111 011 111 100 111 111]
| 155 | KHHLTK | LITHER | TKTRTT | [011 001 001 100 111 011] ⊕ [100 010 111 001 000 101] = [111 011 111 101 111 111]
| 156 | KHHLTK | LITRES | TKTRTT | [011 001 001 100 111 011] ⊕ [100 010 111 101 000 110] = [111 011 111 101 111 111]
| 157 | KHHLTK | LITTER | TKTTTT | [011 001 001 100 111 011] ⊕ [100 010 111 111 000 101] = [111 011 111 111 111 111]
| 158 | KHHLTK | LITTLE | TKTTTK | [011 001 001 100 111 011] ⊕ [100 010 111 111 100 000] = [111 011 111 111 111 011]
| 159 | KHHLTK | LITTRE | TKTTTK | [011 001 001 100 111 011] ⊕ [100 010 111 111 101 000] = [111 011 111 111 111 011]
| 160 | KHHLTK | REEHER | THHRTT | [011 001 001 100 111 011] ⊕ [101 000 000 001 000 101] = [111 001 001 101 111 111]
| 161 | KHHLTK | REEKER | THHTTT | [011 001 001 100 111 011] ⊕ [101 000 000 011 000 101] = [111 001 001 111 111 111]
| 162 | KHHLTK | REELER | THHLTT | [011 001 001 100 111 011] ⊕ [101 000 000 100 000 101] = [111 001 001 100 111 111]
| 163 | KHHLTK | REESLE | THHSTK | [011 001 001 100 111 011] ⊕ [101 000 000 110 100 000] = [111 001 001 110 111 011]
| 164 | KHHLTK | REESTS | THHSTT | [011 001 001 100 111 011] ⊕ [101 000 000 110 111 110] = [111 001 001 110 111 111]
| 165 | KHHLTK | REETLE | THHTTK | [011 001 001 100 111 011] ⊕ [101 000 000 111 100 000] = [111 001 001 111 111 011]
| 166 | KHHLTK | REHEEL | THHLTT | [011 001 001 100 111 011] ⊕ [101 000 001 000 000 100] = [111 001 001 100 111 111]
| 167 | KHHLTK | REHETE | THHLTK | [011 001 001 100 111 011] ⊕ [101 000 001 000 111 000] = [111 001 001 100 111 011]
| 168 | KHHLTK | REHIRE | THHSTK | [011 001 001 100 111 011] ⊕ [101 000 001 010 101 000] = [111 001 001 110 111 011]
| 169 | KHHLTK | REISER | THKSTT | [011 001 001 100 111 011] ⊕ [101 000 010 110 000 101] = [111 001 011 110 111 111]
| 170 | KHHLTK | REITER | THKTTT | [011 001 001 100 111 011] ⊕ [101 000 010 111 000 101] = [111 001 011 111 111 111]
| 171 | KHHLTK | REKHTI | THKRTK | [011 001 001 100 111 011] ⊕ [101 000 011 001 111 010] = [111 001 011 101 111 011]
| 172 | KHHLTK | REKILL | THKSTT | [011 001 001 100 111 011] ⊕ [101 000 011 010 100 100] = [111 001 011 110 111 111]
| 173 | KHHLTK | REKISS | THKSTT | [011 001 001 100 111 011] ⊕ [101 000 011 010 110 110] = [111 001 011 110 111 111]
| 174 | KHHLTK | RELETS | THRLTT | [011 001 001 100 111 011] ⊕ [101 000 100 000 111 110] = [111 001 101 100 111 111]
| 175 | KHHLTK | RELIER | THRSTT | [011 001 001 100 111 011] ⊕ [101 000 100 010 000 101] = [111 001 101 110 111 111]
| 176 | KHHLTK | RELIES | THRSTT | [011 001 001 100 111 011] ⊕ [101 000 100 010 000 110] = [111 001 101 110 111 111]
| 177 | KHHLTK | RELISH | THRSTK | [011 001 001 100 111 011] ⊕ [101 000 100 010 110 001] = [111 001 101 110 111 011]
| 178 | KHHLTK | RELIST | THRSTT | [011 001 001 100 111 011] ⊕ [101 000 100 010 110 111] = [111 001 101 110 111 111]
| 179 | KHHLTK | REREEL | THRLTT | [011 001 001 100 111 011] ⊕ [101 000 101 000 000 100] = [111 001 101 100 111 111]
| 180 | KHHLTK | RERISE | THRSTK | [011 001 001 100 111 011] ⊕ [101 000 101 010 110 000] = [111 001 101 110 111 011]
| 181 | KHHLTK | RESEEK | THTLTK | [011 001 001 100 111 011] ⊕ [101 000 110 000 000 011] = [111 001 111 100 111 011]
| 182 | KHHLTK | RESEES | THTLTT | [011 001 001 100 111 011] ⊕ [101 000 110 000 000 110] = [111 001 111 100 111 111]
| 183 | KHHLTK | RESELL | THTLTT | [011 001 001 100 111 011] ⊕ [101 000 110 000 100 100] = [111 001 111 100 111 111]
| 184 | KHHLTK | RESETS | THTLTT | [011 001 001 100 111 011] ⊕ [101 000 110 000 111 110] = [111 001 111 100 111 111]
| 185 | KHHLTK | RESHES | THTRTT | [011 001 001 100 111 011] ⊕ [101 000 110 001 000 110] = [111 001 111 101 111 111]
| 186 | KHHLTK | RESILE | THTSTK | [011 001 001 100 111 011] ⊕ [101 000 110 010 100 000] = [111 001 111 110 111 011]
| 187 | KHHLTK | RESIST | THTSTT | [011 001 001 100 111 011] ⊕ [101 000 110 010 110 111] = [111 001 111 110 111 111]
| 188 | KHHLTK | RESITE | THTSTK | [011 001 001 100 111 011] ⊕ [101 000 110 010 111 000] = [111 001 111 110 111 011]
| 189 | KHHLTK | RESTER | THTTTT | [011 001 001 100 111 011] ⊕ [101 000 110 111 000 101] = [111 001 111 111 111 111]
| 190 | KHHLTK | RESTES | THTTTT | [011 001 001 100 111 011] ⊕ [101 000 110 111 000 110] = [111 001 111 111 111 111]
| 191 | KHHLTK | RESTIR | THTTTT | [011 001 001 100 111 011] ⊕ [101 000 110 111 010 101] = [111 001 111 111 111 111]
| 192 | KHHLTK | RESTIS | THTTTT | [011 001 001 100 111 011] ⊕ [101 000 110 111 010 110] = [111 001 111 111 111 111]
| 193 | KHHLTK | RETELL | THTLTT | [011 001 001 100 111 011] ⊕ [101 000 111 000 100 100] = [111 001 111 100 111 111]
| 194 | KHHLTK | RETEST | THTLTT | [011 001 001 100 111 011] ⊕ [101 000 111 000 110 111] = [111 001 111 100 111 111]
| 195 | KHHLTK | RETHER | THTRTT | [011 001 001 100 111 011] ⊕ [101 000 111 001 000 101] = [111 001 111 101 111 111]
| 196 | KHHLTK | RETIER | THTSTT | [011 001 001 100 111 011] ⊕ [101 000 111 010 000 101] = [111 001 111 110 111 111]
| 197 | KHHLTK | RETIES | THTSTT | [011 001 001 100 111 011] ⊕ [101 000 111 010 000 110] = [111 001 111 110 111 111]
| 198 | KHHLTK | RETILE | THTSTK | [011 001 001 100 111 011] ⊕ [101 000 111 010 100 000] = [111 001 111 110 111 011]
| 199 | KHHLTK | RETILL | THTSTT | [011 001 001 100 111 011] ⊕ [101 000 111 010 100 100] = [111 001 111 110 111 111]
| 200 | KHHLTK | RETIRE | THTSTK | [011 001 001 100 111 011] ⊕ [101 000 111 010 101 000] = [111 001 111 110 111 011]
| 201 | KHHLTK | RETREE | THTRTK | [011 001 001 100 111 011] ⊕ [101 000 111 101 000 000] = [111 001 111 101 111 011]
| 202 | KHHLTK | RETTER | THTTTT | [011 001 001 100 111 011] ⊕ [101 000 111 111 000 101] = [111 001 111 111 111 111]
| 203 | KHHLTK | RETTKE | THTTTK | [011 001 001 100 111 011] ⊕ [101 000 111 111 011 000] = [111 001 111 111 111 011]
| 204 | KHHLTK | RHESIS | THHSTT | [011 001 001 100 111 011] ⊕ [101 001 000 110 010 110] = [111 001 001 110 111 111]
| 205 | KHHLTK | RIESEL | TKHSTT | [011 001 001 100 111 011] ⊕ [101 010 000 110 000 100] = [111 011 001 110 111 111]
| 206 | KHHLTK | RILLES | TKRLTT | [011 001 001 100 111 011] ⊕ [101 010 100 100 000 110] = [111 011 101 100 111 111]
| 207 | KHHLTK | RILLET | TKRLTT | [011 001 001 100 111 011] ⊕ [101 010 100 100 000 111] = [111 011 101 100 111 111]
| 208 | KHHLTK | RILLIS | TKRLTT | [011 001 001 100 111 011] ⊕ [101 010 100 100 010 110] = [111 011 101 100 111 111]
| 209 | KHHLTK | RISERS | TKTLTT | [011 001 001 100 111 011] ⊕ [101 010 110 000 101 110] = [111 011 111 100 111 111]
| 210 | KHHLTK | RISHIS | TKTRTT | [011 001 001 100 111 011] ⊕ [101 010 110 001 010 110] = [111 011 111 101 111 111]
| 211 | KHHLTK | RISKER | TKTTTT | [011 001 001 100 111 011] ⊕ [101 010 110 011 000 101] = [111 011 111 111 111 111]
| 212 | KHHLTK | RISSEL | TKTSTT | [011 001 001 100 111 011] ⊕ [101 010 110 110 000 100] = [111 011 111 110 111 111]
| 213 | KHHLTK | RISSER | TKTSTT | [011 001 001 100 111 011] ⊕ [101 010 110 110 000 101] = [111 011 111 110 111 111]
| 214 | KHHLTK | RISSLE | TKTSTK | [011 001 001 100 111 011] ⊕ [101 010 110 110 100 000] = [111 011 111 110 111 011]
| 215 | KHHLTK | RITTER | TKTTTT | [011 001 001 100 111 011] ⊕ [101 010 111 111 000 101] = [111 011 111 111 111 111]
| 216 | KHHLTK | SEEKER | THHTTT | [011 001 001 100 111 011] ⊕ [110 000 000 011 000 101] = [111 001 001 111 111 111]
| 217 | KHHLTK | SEESEE | THHSTK | [011 001 001 100 111 011] ⊕ [110 000 000 110 000 000] = [111 001 001 110 111 011]
| 218 | KHHLTK | SEETHE | THHTTK | [011 001 001 100 111 011] ⊕ [110 000 000 111 001 000] = [111 001 001 111 111 011]
| 219 | KHHLTK | SEISER | THKSTT | [011 001 001 100 111 011] ⊕ [110 000 010 110 000 101] = [111 001 011 110 111 111]
| 220 | KHHLTK | SEISES | THKSTT | [011 001 001 100 111 011] ⊕ [110 000 010 110 000 110] = [111 001 011 110 111 111]
| 221 | KHHLTK | SEITER | THKTTT | [011 001 001 100 111 011] ⊕ [110 000 010 111 000 101] = [111 001 011 111 111 111]
| 222 | KHHLTK | SEKERE | THKLTK | [011 001 001 100 111 011] ⊕ [110 000 011 000 101 000] = [111 001 011 100 111 011]
| 223 | KHHLTK | SELLER | THRLTT | [011 001 001 100 111 011] ⊕ [110 000 100 100 000 101] = [111 001 101 100 111 111]
| 224 | KHHLTK | SELLES | THRLTT | [011 001 001 100 111 011] ⊕ [110 000 100 100 000 110] = [111 001 101 100 111 111]
| 225 | KHHLTK | SELLIE | THRLTK | [011 001 001 100 111 011] ⊕ [110 000 100 100 010 000] = [111 001 101 100 111 011]
| 226 | KHHLTK | SELTER | THRTTT | [011 001 001 100 111 011] ⊕ [110 000 100 111 000 101] = [111 001 101 111 111 111]
| 227 | KHHLTK | SEREST | THRLTT | [011 001 001 100 111 011] ⊕ [110 000 101 000 110 111] = [111 001 101 100 111 111]
| 228 | KHHLTK | SERETH | THRLTK | [011 001 001 100 111 011] ⊕ [110 000 101 000 111 001] = [111 001 101 100 111 011]
| 229 | KHHLTK | SERIES | THRSTT | [011 001 001 100 111 011] ⊕ [110 000 101 010 000 110] = [111 001 101 110 111 111]
| 230 | KHHLTK | SERLES | THRLTT | [011 001 001 100 111 011] ⊕ [110 000 101 100 000 110] = [111 001 101 100 111 111]
| 231 | KHHLTK | SESELI | THTLTK | [011 001 001 100 111 011] ⊕ [110 000 110 000 100 010] = [111 001 111 100 111 011]
| 232 | KHHLTK | SESSER | THTSTT | [011 001 001 100 111 011] ⊕ [110 000 110 110 000 101] = [111 001 111 110 111 111]
| 233 | KHHLTK | SESTET | THTTTT | [011 001 001 100 111 011] ⊕ [110 000 110 111 000 111] = [111 001 111 111 111 111]
| 234 | KHHLTK | SETIER | THTSTT | [011 001 001 100 111 011] ⊕ [110 000 111 010 000 101] = [111 001 111 110 111 111]
| 235 | KHHLTK | SETTEE | THTTTK | [011 001 001 100 111 011] ⊕ [110 000 111 111 000 000] = [111 001 111 111 111 011]
| 236 | KHHLTK | SETTER | THTTTT | [011 001 001 100 111 011] ⊕ [110 000 111 111 000 101] = [111 001 111 111 111 111]
| 237 | KHHLTK | SETTLE | THTTTK | [011 001 001 100 111 011] ⊕ [110 000 111 111 100 000] = [111 001 111 111 111 011]
| 238 | KHHLTK | SHEERS | THHLTT | [011 001 001 100 111 011] ⊕ [110 001 000 000 101 110] = [111 001 001 100 111 111]
| 239 | KHHLTK | SHEETS | THHLTT | [011 001 001 100 111 011] ⊕ [110 001 000 000 111 110] = [111 001 001 100 111 111]
| 240 | KHHLTK | SHEIKH | THHSTK | [011 001 001 100 111 011] ⊕ [110 001 000 010 011 001] = [111 001 001 110 111 011]
| 241 | KHHLTK | SHEIKS | THHSTT | [011 001 001 100 111 011] ⊕ [110 001 000 010 011 110] = [111 001 001 110 111 111]
| 242 | KHHLTK | SHEKEL | THHTTT | [011 001 001 100 111 011] ⊕ [110 001 000 011 000 100] = [111 001 001 111 111 111]
| 243 | KHHLTK | SHELLI | THHLTK | [011 001 001 100 111 011] ⊕ [110 001 000 100 100 010] = [111 001 001 100 111 011]
| 244 | KHHLTK | SHELLS | THHLTT | [011 001 001 100 111 011] ⊕ [110 001 000 100 100 110] = [111 001 001 100 111 111]
| 245 | KHHLTK | SHEREE | THHRTK | [011 001 001 100 111 011] ⊕ [110 001 000 101 000 000] = [111 001 001 101 111 011]
| 246 | KHHLTK | SHERER | THHRTT | [011 001 001 100 111 011] ⊕ [110 001 000 101 000 101] = [111 001 001 101 111 111]
| 247 | KHHLTK | SHERIE | THHRTK | [011 001 001 100 111 011] ⊕ [110 001 000 101 010 000] = [111 001 001 101 111 011]
| 248 | KHHLTK | SHERRI | THHRTK | [011 001 001 100 111 011] ⊕ [110 001 000 101 101 010] = [111 001 001 101 111 011]
| 249 | KHHLTK | SHIEKH | THKLTK | [011 001 001 100 111 011] ⊕ [110 001 010 000 011 001] = [111 001 011 100 111 011]
| 250 | KHHLTK | SHIELS | THKLTT | [011 001 001 100 111 011] ⊕ [110 001 010 000 100 110] = [111 001 011 100 111 111]
| 251 | KHHLTK | SHIERS | THKLTT | [011 001 001 100 111 011] ⊕ [110 001 010 000 101 110] = [111 001 011 100 111 111]
| 252 | KHHLTK | SHIEST | THKLTT | [011 001 001 100 111 011] ⊕ [110 001 010 000 110 111] = [111 001 011 100 111 111]
| 253 | KHHLTK | SHIITE | THKSTK | [011 001 001 100 111 011] ⊕ [110 001 010 010 111 000] = [111 001 011 110 111 011]
| 254 | KHHLTK | SHIKII | THKTTK | [011 001 001 100 111 011] ⊕ [110 001 010 011 010 010] = [111 001 011 111 111 011]
| 255 | KHHLTK | SHIKSE | THKTTK | [011 001 001 100 111 011] ⊕ [110 001 010 011 110 000] = [111 001 011 111 111 011]
| 256 | KHHLTK | SHILLS | THKLTT | [011 001 001 100 111 011] ⊕ [110 001 010 100 100 110] = [111 001 011 100 111 111]
| 257 | KHHLTK | SHIRES | THKRTT | [011 001 001 100 111 011] ⊕ [110 001 010 101 000 110] = [111 001 011 101 111 111]
| 258 | KHHLTK | SHIRKS | THKRTT | [011 001 001 100 111 011] ⊕ [110 001 010 101 011 110] = [111 001 011 101 111 111]
| 259 | KHHLTK | SHIRRS | THKRTT | [011 001 001 100 111 011] ⊕ [110 001 010 101 101 110] = [111 001 011 101 111 111]
| 260 | KHHLTK | SHIRTS | THKRTT | [011 001 001 100 111 011] ⊕ [110 001 010 101 111 110] = [111 001 011 101 111 111]
| 261 | KHHLTK | SHISTS | THKSTT | [011 001 001 100 111 011] ⊕ [110 001 010 110 111 110] = [111 001 011 110 111 111]
| 262 | KHHLTK | SHRIEK | THRSTK | [011 001 001 100 111 011] ⊕ [110 001 101 010 000 011] = [111 001 101 110 111 011]
| 263 | KHHLTK | SHRIER | THRSTT | [011 001 001 100 111 011] ⊕ [110 001 101 010 000 101] = [111 001 101 110 111 111]
| 264 | KHHLTK | SHRIKE | THRSTK | [011 001 001 100 111 011] ⊕ [110 001 101 010 011 000] = [111 001 101 110 111 011]
| 265 | KHHLTK | SHRILL | THRSTT | [011 001 001 100 111 011] ⊕ [110 001 101 010 100 100] = [111 001 101 110 111 111]
| 266 | KHHLTK | SHRITE | THRSTK | [011 001 001 100 111 011] ⊕ [110 001 101 010 111 000] = [111 001 101 110 111 011]
| 267 | KHHLTK | SHTETL | THTLTT | [011 001 001 100 111 011] ⊕ [110 001 111 000 111 100] = [111 001 111 100 111 111]
| 268 | KHHLTK | SHTIKS | THTSTT | [011 001 001 100 111 011] ⊕ [110 001 111 010 011 110] = [111 001 111 110 111 111]
| 269 | KHHLTK | SILKER | TKRTTT | [011 001 001 100 111 011] ⊕ [110 010 100 011 000 101] = [111 011 101 111 111 111]
| 270 | KHHLTK | SILKIE | TKRTTK | [011 001 001 100 111 011] ⊕ [110 010 100 011 010 000] = [111 011 101 111 111 011]
| 271 | KHHLTK | SILLER | TKRLTT | [011 001 001 100 111 011] ⊕ [110 010 100 100 000 101] = [111 011 101 100 111 111]
| 272 | KHHLTK | SIREES | TKRLTT | [011 001 001 100 111 011] ⊕ [110 010 101 000 000 110] = [111 011 101 100 111 111]
| 273 | KHHLTK | SIRESS | TKRLTT | [011 001 001 100 111 011] ⊕ [110 010 101 000 110 110] = [111 011 101 100 111 111]
| 274 | KHHLTK | SIRREE | TKRRTK | [011 001 001 100 111 011] ⊕ [110 010 101 101 000 000] = [111 011 101 101 111 011]
| 275 | KHHLTK | SISILE | TKTSTK | [011 001 001 100 111 011] ⊕ [110 010 110 010 100 000] = [111 011 111 110 111 011]
| 276 | KHHLTK | SISITH | TKTSTK | [011 001 001 100 111 011] ⊕ [110 010 110 010 111 001] = [111 011 111 110 111 011]
| 277 | KHHLTK | SISSEL | TKTSTT | [011 001 001 100 111 011] ⊕ [110 010 110 110 000 100] = [111 011 111 110 111 111]
| 278 | KHHLTK | SISSIE | TKTSTK | [011 001 001 100 111 011] ⊕ [110 010 110 110 010 000] = [111 011 111 110 111 011]
| 279 | KHHLTK | SISTER | TKTTTT | [011 001 001 100 111 011] ⊕ [110 010 110 111 000 101] = [111 011 111 111 111 111]
| 280 | KHHLTK | SISTLE | TKTTTK | [011 001 001 100 111 011] ⊕ [110 010 110 111 100 000] = [111 011 111 111 111 011]
| 281 | KHHLTK | SITHES | TKTRTT | [011 001 001 100 111 011] ⊕ [110 010 111 001 000 110] = [111 011 111 101 111 111]
| 282 | KHHLTK | SITTEE | TKTTTK | [011 001 001 100 111 011] ⊕ [110 010 111 111 000 000] = [111 011 111 111 111 011]
| 283 | KHHLTK | SITTER | TKTTTT | [011 001 001 100 111 011] ⊕ [110 010 111 111 000 101] = [111 011 111 111 111 111]
| 284 | KHHLTK | SKEETS | TKHLTT | [011 001 001 100 111 011] ⊕ [110 011 000 000 111 110] = [111 011 001 100 111 111]
| 285 | KHHLTK | SKELET | TKHLTT | [011 001 001 100 111 011] ⊕ [110 011 000 100 000 111] = [111 011 001 100 111 111]
| 286 | KHHLTK | SKIERS | TKKLTT | [011 001 001 100 111 011] ⊕ [110 011 010 000 101 110] = [111 011 011 100 111 111]
| 287 | KHHLTK | SKIEST | TKKLTT | [011 001 001 100 111 011] ⊕ [110 011 010 000 110 111] = [111 011 011 100 111 111]
| 288 | KHHLTK | SKILLS | TKKLTT | [011 001 001 100 111 011] ⊕ [110 011 010 100 100 110] = [111 011 011 100 111 111]
| 289 | KHHLTK | SKILTS | TKKLTT | [011 001 001 100 111 011] ⊕ [110 011 010 100 111 110] = [111 011 011 100 111 111]
| 290 | KHHLTK | SKIRLS | TKKRTT | [011 001 001 100 111 011] ⊕ [110 011 010 101 100 110] = [111 011 011 101 111 111]
| 291 | KHHLTK | SKIRRS | TKKRTT | [011 001 001 100 111 011] ⊕ [110 011 010 101 101 110] = [111 011 011 101 111 111]
| 292 | KHHLTK | SKIRTS | TKKRTT | [011 001 001 100 111 011] ⊕ [110 011 010 101 111 110] = [111 011 011 101 111 111]
| 293 | KHHLTK | SKITER | TKKTTT | [011 001 001 100 111 011] ⊕ [110 011 010 111 000 101] = [111 011 011 111 111 111]
| 294 | KHHLTK | SKITES | TKKTTT | [011 001 001 100 111 011] ⊕ [110 011 010 111 000 110] = [111 011 011 111 111 111]
| 295 | KHHLTK | SKREEL | TKRLTT | [011 001 001 100 111 011] ⊕ [110 011 101 000 000 100] = [111 011 101 100 111 111]
| 296 | KHHLTK | SKRIKE | TKRSTK | [011 001 001 100 111 011] ⊕ [110 011 101 010 011 000] = [111 011 101 110 111 011]
| 297 | KHHLTK | SLEEKS | TRHLTT | [011 001 001 100 111 011] ⊕ [110 100 000 000 011 110] = [111 101 001 100 111 111]
| 298 | KHHLTK | SLEETS | TRHLTT | [011 001 001 100 111 011] ⊕ [110 100 000 000 111 110] = [111 101 001 100 111 111]
| 299 | KHHLTK | SLIEST | TRKLTT | [011 001 001 100 111 011] ⊕ [110 100 010 000 110 111] = [111 101 011 100 111 111]
| 300 | KHHLTK | SSTTSS | TTTTTT | [011 001 001 100 111 011] ⊕ [110 110 111 111 110 110] = [111 111 111 111 111 111]
| 301 | KHHLTK | STEEKS | TTHLTT | [011 001 001 100 111 011] ⊕ [110 111 000 000 011 110] = [111 111 001 100 111 111]
| 302 | KHHLTK | STEELE | TTHLTK | [011 001 001 100 111 011] ⊕ [110 111 000 000 100 000] = [111 111 001 100 111 011]
| 303 | KHHLTK | STEELS | TTHLTT | [011 001 001 100 111 011] ⊕ [110 111 000 000 100 110] = [111 111 001 100 111 111]
| 304 | KHHLTK | STEERE | TTHLTK | [011 001 001 100 111 011] ⊕ [110 111 000 000 101 000] = [111 111 001 100 111 011]
| 305 | KHHLTK | STEERS | TTHLTT | [011 001 001 100 111 011] ⊕ [110 111 000 000 101 110] = [111 111 001 100 111 111]
| 306 | KHHLTK | STEIER | TTHSTT | [011 001 001 100 111 011] ⊕ [110 111 000 010 000 101] = [111 111 001 110 111 111]
| 307 | KHHLTK | STELES | TTHLTT | [011 001 001 100 111 011] ⊕ [110 111 000 100 000 110] = [111 111 001 100 111 111]
| 308 | KHHLTK | STELLE | TTHLTK | [011 001 001 100 111 011] ⊕ [110 111 000 100 100 000] = [111 111 001 100 111 011]
| 309 | KHHLTK | STERES | TTHRTT | [011 001 001 100 111 011] ⊕ [110 111 000 101 000 110] = [111 111 001 101 111 111]
| 310 | KHHLTK | STILES | TTKLTT | [011 001 001 100 111 011] ⊕ [110 111 010 100 000 110] = [111 111 011 100 111 111]
| 311 | KHHLTK | STILET | TTKLTT | [011 001 001 100 111 011] ⊕ [110 111 010 100 000 111] = [111 111 011 100 111 111]
| 312 | KHHLTK | STILLS | TTKLTT | [011 001 001 100 111 011] ⊕ [110 111 010 100 100 110] = [111 111 011 100 111 111]
| 313 | KHHLTK | STILTS | TTKLTT | [011 001 001 100 111 011] ⊕ [110 111 010 100 111 110] = [111 111 011 100 111 111]
| 314 | KHHLTK | STIRKS | TTKRTT | [011 001 001 100 111 011] ⊕ [110 111 010 101 011 110] = [111 111 011 101 111 111]
| 315 | KHHLTK | STITES | TTKTTT | [011 001 001 100 111 011] ⊕ [110 111 010 111 000 110] = [111 111 011 111 111 111]
| 316 | KHHLTK | STITHE | TTKTTK | [011 001 001 100 111 011] ⊕ [110 111 010 111 001 000] = [111 111 011 111 111 011]
| 317 | KHHLTK | STREEK | TTRLTK | [011 001 001 100 111 011] ⊕ [110 111 101 000 000 011] = [111 111 101 100 111 011]
| 318 | KHHLTK | STREEL | TTRLTT | [011 001 001 100 111 011] ⊕ [110 111 101 000 000 100] = [111 111 101 100 111 111]
| 319 | KHHLTK | STREET | TTRLTT | [011 001 001 100 111 011] ⊕ [110 111 101 000 000 111] = [111 111 101 100 111 111]
| 320 | KHHLTK | STREIT | TTRLTT | [011 001 001 100 111 011] ⊕ [110 111 101 000 010 111] = [111 111 101 100 111 111]
| 321 | KHHLTK | STREKE | TTRLTK | [011 001 001 100 111 011] ⊕ [110 111 101 000 011 000] = [111 111 101 100 111 011]
| 322 | KHHLTK | STRESS | TTRLTT | [011 001 001 100 111 011] ⊕ [110 111 101 000 110 110] = [111 111 101 100 111 111]
| 323 | KHHLTK | STRIKE | TTRSTK | [011 001 001 100 111 011] ⊕ [110 111 101 010 011 000] = [111 111 101 110 111 011]
| 324 | KHHLTK | TEERER | THHRTT | [011 001 001 100 111 011] ⊕ [111 000 000 101 000 101] = [111 001 001 101 111 111]
| 325 | KHHLTK | TEETEE | THHTTK | [011 001 001 100 111 011] ⊕ [111 000 000 111 000 000] = [111 001 001 111 111 011]
| 326 | KHHLTK | TEETER | THHTTT | [011 001 001 100 111 011] ⊕ [111 000 000 111 000 101] = [111 001 001 111 111 111]
| 327 | KHHLTK | TEETHE | THHTTK | [011 001 001 100 111 011] ⊕ [111 000 000 111 001 000] = [111 001 001 111 111 011]
| 328 | KHHLTK | TEHSIL | THHSTT | [011 001 001 100 111 011] ⊕ [111 000 001 110 010 100] = [111 001 001 110 111 111]
| 329 | KHHLTK | TEIHTE | THKRTK | [011 001 001 100 111 011] ⊕ [111 000 010 001 111 000] = [111 001 011 101 111 011]
| 330 | KHHLTK | TELLEE | THRLTK | [011 001 001 100 111 011] ⊕ [111 000 100 100 000 000] = [111 001 101 100 111 011]
| 331 | KHHLTK | TELLER | THRLTT | [011 001 001 100 111 011] ⊕ [111 000 100 100 000 101] = [111 001 101 100 111 111]
| 332 | KHHLTK | TERESE | THRLTK | [011 001 001 100 111 011] ⊕ [111 000 101 000 110 000] = [111 001 101 100 111 011]
| 333 | KHHLTK | TERETE | THRLTK | [011 001 001 100 111 011] ⊕ [111 000 101 000 111 000] = [111 001 101 100 111 011]
| 334 | KHHLTK | TERREL | THRRTT | [011 001 001 100 111 011] ⊕ [111 000 101 101 000 100] = [111 001 101 101 111 111]
| 335 | KHHLTK | TERRET | THRRTT | [011 001 001 100 111 011] ⊕ [111 000 101 101 000 111] = [111 001 101 101 111 111]
| 336 | KHHLTK | TERRIE | THRRTK | [011 001 001 100 111 011] ⊕ [111 000 101 101 010 000] = [111 001 101 101 111 011]
| 337 | KHHLTK | TERRIL | THRRTT | [011 001 001 100 111 011] ⊕ [111 000 101 101 010 100] = [111 001 101 101 111 111]
| 338 | KHHLTK | TERRIS | THRRTT | [011 001 001 100 111 011] ⊕ [111 000 101 101 010 110] = [111 001 101 101 111 111]
| 339 | KHHLTK | TERRIT | THRRTT | [011 001 001 100 111 011] ⊕ [111 000 101 101 010 111] = [111 001 101 101 111 111]
| 340 | KHHLTK | TERSER | THRSTT | [011 001 001 100 111 011] ⊕ [111 000 101 110 000 101] = [111 001 101 110 111 111]
| 341 | KHHLTK | TERTII | THRTTK | [011 001 001 100 111 011] ⊕ [111 000 101 111 010 010] = [111 001 101 111 111 011]
| 342 | KHHLTK | TESLER | THTLTT | [011 001 001 100 111 011] ⊕ [111 000 110 100 000 101] = [111 001 111 100 111 111]
| 343 | KHHLTK | TESSEL | THTSTT | [011 001 001 100 111 011] ⊕ [111 000 110 110 000 100] = [111 001 111 110 111 111]
| 344 | KHHLTK | TESSIE | THTSTK | [011 001 001 100 111 011] ⊕ [111 000 110 110 010 000] = [111 001 111 110 111 011]
| 345 | KHHLTK | TESTEE | THTTTK | [011 001 001 100 111 011] ⊕ [111 000 110 111 000 000] = [111 001 111 111 111 011]
| 346 | KHHLTK | TESTER | THTTTT | [011 001 001 100 111 011] ⊕ [111 000 110 111 000 101] = [111 001 111 111 111 111]
| 347 | KHHLTK | TESTES | THTTTT | [011 001 001 100 111 011] ⊕ [111 000 110 111 000 110] = [111 001 111 111 111 111]
| 348 | KHHLTK | TESTIS | THTTTT | [011 001 001 100 111 011] ⊕ [111 000 110 111 010 110] = [111 001 111 111 111 111]
| 349 | KHHLTK | TETHER | THTRTT | [011 001 001 100 111 011] ⊕ [111 000 111 001 000 101] = [111 001 111 101 111 111]
| 350 | KHHLTK | TETTER | THTTTT | [011 001 001 100 111 011] ⊕ [111 000 111 111 000 101] = [111 001 111 111 111 111]
| 351 | KHHLTK | THEIRS | THHSTT | [011 001 001 100 111 011] ⊕ [111 001 000 010 101 110] = [111 001 001 110 111 111]
| 352 | KHHLTK | THEISS | THHSTT | [011 001 001 100 111 011] ⊕ [111 001 000 010 110 110] = [111 001 001 110 111 111]
| 353 | KHHLTK | THEIST | THHSTT | [011 001 001 100 111 011] ⊕ [111 001 000 010 110 111] = [111 001 001 110 111 111]
| 354 | KHHLTK | THERES | THHRTT | [011 001 001 100 111 011] ⊕ [111 001 000 101 000 110] = [111 001 001 101 111 111]
| 355 | KHHLTK | THESES | THHSTT | [011 001 001 100 111 011] ⊕ [111 001 000 110 000 110] = [111 001 001 110 111 111]
| 356 | KHHLTK | THESIS | THHSTT | [011 001 001 100 111 011] ⊕ [111 001 000 110 010 110] = [111 001 001 110 111 111]
| 357 | KHHLTK | THETES | THHTTT | [011 001 001 100 111 011] ⊕ [111 001 000 111 000 110] = [111 001 001 111 111 111]
| 358 | KHHLTK | THETIS | THHTTT | [011 001 001 100 111 011] ⊕ [111 001 000 111 010 110] = [111 001 001 111 111 111]
| 359 | KHHLTK | THIERS | THKLTT | [011 001 001 100 111 011] ⊕ [111 001 010 000 101 110] = [111 001 011 100 111 111]
| 360 | KHHLTK | THILLS | THKLTT | [011 001 001 100 111 011] ⊕ [111 001 010 100 100 110] = [111 001 011 100 111 111]
| 361 | KHHLTK | THIRLS | THKRTT | [011 001 001 100 111 011] ⊕ [111 001 010 101 100 110] = [111 001 011 101 111 111]
| 362 | KHHLTK | THIRST | THKRTT | [011 001 001 100 111 011] ⊕ [111 001 010 101 110 111] = [111 001 011 101 111 111]
| 363 | KHHLTK | THISLL | THKSTT | [011 001 001 100 111 011] ⊕ [111 001 010 110 100 100] = [111 001 011 110 111 111]
| 364 | KHHLTK | THITSI | THKTTK | [011 001 001 100 111 011] ⊕ [111 001 010 111 110 010] = [111 001 011 111 111 011]
| 365 | KHHLTK | THREES | THRLTT | [011 001 001 100 111 011] ⊕ [111 001 101 000 000 110] = [111 001 101 100 111 111]
| 366 | KHHLTK | THRESH | THRLTK | [011 001 001 100 111 011] ⊕ [111 001 101 000 110 001] = [111 001 101 100 111 011]
| 367 | KHHLTK | THRILL | THRSTT | [011 001 001 100 111 011] ⊕ [111 001 101 010 100 100] = [111 001 101 110 111 111]
| 368 | KHHLTK | THRIST | THRSTT | [011 001 001 100 111 011] ⊕ [111 001 101 010 110 111] = [111 001 101 110 111 111]
| 369 | KHHLTK | TIERER | TKHRTT | [011 001 001 100 111 011] ⊕ [111 010 000 101 000 101] = [111 011 001 101 111 111]
| 370 | KHHLTK | TIKKER | TKKTTT | [011 001 001 100 111 011] ⊕ [111 010 011 011 000 101] = [111 011 011 111 111 111]
| 371 | KHHLTK | TILERS | TKRLTT | [011 001 001 100 111 011] ⊕ [111 010 100 000 101 110] = [111 011 101 100 111 111]
| 372 | KHHLTK | TILLER | TKRLTT | [011 001 001 100 111 011] ⊕ [111 010 100 100 000 101] = [111 011 101 100 111 111]
| 373 | KHHLTK | TILLET | TKRLTT | [011 001 001 100 111 011] ⊕ [111 010 100 100 000 111] = [111 011 101 100 111 111]
| 374 | KHHLTK | TILLIE | TKRLTK | [011 001 001 100 111 011] ⊕ [111 010 100 100 010 000] = [111 011 101 100 111 011]
| 375 | KHHLTK | TILSIT | TKRSTT | [011 001 001 100 111 011] ⊕ [111 010 100 110 010 111] = [111 011 101 110 111 111]
| 376 | KHHLTK | TILTER | TKRTTT | [011 001 001 100 111 011] ⊕ [111 010 100 111 000 101] = [111 011 101 111 111 111]
| 377 | KHHLTK | TILTHS | TKRTTT | [011 001 001 100 111 011] ⊕ [111 010 100 111 001 110] = [111 011 101 111 111 111]
| 378 | KHHLTK | TIRRET | TKRRTT | [011 001 001 100 111 011] ⊕ [111 010 101 101 000 111] = [111 011 101 101 111 111]
| 379 | KHHLTK | TIRRIT | TKRRTT | [011 001 001 100 111 011] ⊕ [111 010 101 101 010 111] = [111 011 101 101 111 111]
| 380 | KHHLTK | TISHRI | TKTRTK | [011 001 001 100 111 011] ⊕ [111 010 110 001 101 010] = [111 011 111 101 111 011]
| 381 | KHHLTK | TITERS | TKTLTT | [011 001 001 100 111 011] ⊕ [111 010 111 000 101 110] = [111 011 111 100 111 111]
| 382 | KHHLTK | TITHER | TKTRTT | [011 001 001 100 111 011] ⊕ [111 010 111 001 000 101] = [111 011 111 101 111 111]
| 383 | KHHLTK | TITHES | TKTRTT | [011 001 001 100 111 011] ⊕ [111 010 111 001 000 110] = [111 011 111 101 111 111]
| 384 | KHHLTK | TITIES | TKTSTT | [011 001 001 100 111 011] ⊕ [111 010 111 010 000 110] = [111 011 111 110 111 111]
| 385 | KHHLTK | TITLER | TKTLTT | [011 001 001 100 111 011] ⊕ [111 010 111 100 000 101] = [111 011 111 100 111 111]
| 386 | KHHLTK | TITLES | TKTLTT | [011 001 001 100 111 011] ⊕ [111 010 111 100 000 110] = [111 011 111 100 111 111]
| 387 | KHHLTK | TITRES | TKTRTT | [011 001 001 100 111 011] ⊕ [111 010 111 101 000 110] = [111 011 111 101 111 111]
| 388 | KHHLTK | TITTER | TKTTTT | [011 001 001 100 111 011] ⊕ [111 010 111 111 000 101] = [111 011 111 111 111 111]
| 389 | KHHLTK | TITTIE | TKTTTK | [011 001 001 100 111 011] ⊕ [111 010 111 111 010 000] = [111 011 111 111 111 011]
| 390 | KHHLTK | TITTLE | TKTTTK | [011 001 001 100 111 011] ⊕ [111 010 111 111 100 000] = [111 011 111 111 111 011]
| 391 | KHHLTK | TRESIS | TRHSTT | [011 001 001 100 111 011] ⊕ [111 101 000 110 010 110] = [111 101 001 110 111 111]
| 392 | KHHLTK | TRETIS | TRHTTT | [011 001 001 100 111 011] ⊕ [111 101 000 111 010 110] = [111 101 001 111 111 111]
| 393 | KHHLTK | TRIERS | TRKLTT | [011 001 001 100 111 011] ⊕ [111 101 010 000 101 110] = [111 101 011 100 111 111]
| 394 | KHHLTK | TRIKER | TRKTTT | [011 001 001 100 111 011] ⊕ [111 101 010 011 000 101] = [111 101 011 111 111 111]
| 395 | KHHLTK | TRIKES | TRKTTT | [011 001 001 100 111 011] ⊕ [111 101 010 011 000 110] = [111 101 011 111 111 111]
| 396 | KHHLTK | TRIKIR | TRKTTT | [011 001 001 100 111 011] ⊕ [111 101 010 011 010 101] = [111 101 011 111 111 111]
| 397 | KHHLTK | TRILIT | TRKLTT | [011 001 001 100 111 011] ⊕ [111 101 010 100 010 111] = [111 101 011 100 111 111]
| 398 | KHHLTK | TRILLI | TRKLTK | [011 001 001 100 111 011] ⊕ [111 101 010 100 100 010] = [111 101 011 100 111 011]
| 399 | KHHLTK | TRILLS | TRKLTT | [011 001 001 100 111 011] ⊕ [111 101 010 100 100 110] = [111 101 011 100 111 111]
| 400 | KHHLTK | TRISTE | TRKSTK | [011 001 001 100 111 011] ⊕ [111 101 010 110 111 000] = [111 101 011 110 111 011]
| 401 | KHHLTK | TRITER | TRKTTT | [011 001 001 100 111 011] ⊕ [111 101 010 111 000 101] = [111 101 011 111 111 111]
| 402 | KHHLTK | TSETSE | TTHTTK | [011 001 001 100 111 011] ⊕ [111 110 000 111 110 000] = [111 111 001 111 111 011]
| 403 | KHHLTK | TSKTSK | TTKTTK | [011 001 001 100 111 011] ⊕ [111 110 011 111 110 011] = [111 111 011 111 111 011]
+=====+========+========+========+
+=====+========+========+========+
|  #  | Cipher | Plain  |  Key   | Proof: Cipher ⊕ Plain = Key
+=====+========+========+========+
|   1 | KTHLLE | EELIER | KTRSLR | [011 111 001 100 100 000] ⊕ [000 000 100 010 000 101] = [011 111 101 110 100 101]
|   2 | KTHLLE | EERIER | KTRSLR | [011 111 001 100 100 000] ⊕ [000 000 101 010 000 101] = [011 111 101 110 100 101]
|   3 | KTHLLE | EHLITE | KTRSTE | [011 111 001 100 100 000] ⊕ [000 001 100 010 111 000] = [011 111 101 110 111 000]
|   4 | KTHLLE | EISELE | KTTLLE | [011 111 001 100 100 000] ⊕ [000 010 110 000 100 000] = [011 111 111 100 100 000]
|   5 | KTHLLE | EISELL | KTTLLL | [011 111 001 100 100 000] ⊕ [000 010 110 000 100 100] = [011 111 111 100 100 100]
|   6 | KTHLLE | EISLER | KTTLLR | [011 111 001 100 100 000] ⊕ [000 010 110 100 000 101] = [011 111 111 100 100 101]
|   7 | KTHLLE | EITHER | KTTRLR | [011 111 001 100 100 000] ⊕ [000 010 111 001 000 101] = [011 111 111 101 100 101]
|   8 | KTHLLE | ELEELE | KTHLLE | [011 111 001 100 100 000] ⊕ [000 100 000 000 100 000] = [011 111 001 100 100 000]
|   9 | KTHLLE | ELISEE | KTKSLE | [011 111 001 100 100 000] ⊕ [000 100 010 110 000 000] = [011 111 011 110 100 000]
|  10 | KTHLLE | ELITES | KTKTLS | [011 111 001 100 100 000] ⊕ [000 100 010 111 000 110] = [011 111 011 111 100 110]
|  11 | KTHLLE | ELLETT | KTRLTT | [011 111 001 100 100 000] ⊕ [000 100 100 000 111 111] = [011 111 101 100 111 111]
|  12 | KTHLLE | ERRITE | KTRSTE | [011 111 001 100 100 000] ⊕ [000 101 101 010 111 000] = [011 111 101 110 111 000]
|  13 | KTHLLE | ESKERS | KTKLRS | [011 111 001 100 100 000] ⊕ [000 110 011 000 101 110] = [011 111 011 100 101 110]
|  14 | KTHLLE | ESKILL | KTKSLL | [011 111 001 100 100 000] ⊕ [000 110 011 010 100 100] = [011 111 011 110 100 100]
|  15 | KTHLLE | ESTELE | KTTLLE | [011 111 001 100 100 000] ⊕ [000 110 111 000 100 000] = [011 111 111 100 100 000]
|  16 | KTHLLE | ESTELI | KTTLLI | [011 111 001 100 100 000] ⊕ [000 110 111 000 100 010] = [011 111 111 100 100 010]
|  17 | KTHLLE | ESTELL | KTTLLL | [011 111 001 100 100 000] ⊕ [000 110 111 000 100 100] = [011 111 111 100 100 100]
|  18 | KTHLLE | ESTERS | KTTLRS | [011 111 001 100 100 000] ⊕ [000 110 111 000 101 110] = [011 111 111 100 101 110]
|  19 | KTHLLE | ESTHER | KTTRLR | [011 111 001 100 100 000] ⊕ [000 110 111 001 000 101] = [011 111 111 101 100 101]
|  20 | KTHLLE | ESTILL | KTTSLL | [011 111 001 100 100 000] ⊕ [000 110 111 010 100 100] = [011 111 111 110 100 100]
|  21 | KTHLLE | ETHERS | KTHLRS | [011 111 001 100 100 000] ⊕ [000 111 001 000 101 110] = [011 111 001 100 101 110]
|  22 | KTHLLE | ETRIER | KTRSLR | [011 111 001 100 100 000] ⊕ [000 111 101 010 000 101] = [011 111 101 110 100 101]
|  23 | KTHLLE | ETTERS | KTTLRS | [011 111 001 100 100 000] ⊕ [000 111 111 000 101 110] = [011 111 111 100 101 110]
|  24 | KTHLLE | HEELER | KTHLLR | [011 111 001 100 100 000] ⊕ [001 000 000 100 000 101] = [011 111 001 100 100 101]
|  25 | KTHLLE | HEISEL | KTKSLL | [011 111 001 100 100 000] ⊕ [001 000 010 110 000 100] = [011 111 011 110 100 100]
|  26 | KTHLLE | HEISHI | KTKSRI | [011 111 001 100 100 000] ⊕ [001 000 010 110 001 010] = [011 111 011 110 101 010]
|  27 | KTHLLE | HEISTS | KTKSTS | [011 111 001 100 100 000] ⊕ [001 000 010 110 111 110] = [011 111 011 110 111 110]
|  28 | KTHLLE | HEKKER | KTKTLR | [011 111 001 100 100 000] ⊕ [001 000 011 011 000 101] = [011 111 011 111 100 101]
|  29 | KTHLLE | HELLER | KTRLLR | [011 111 001 100 100 000] ⊕ [001 000 100 100 000 101] = [011 111 101 100 100 101]
|  30 | KTHLLE | HELLES | KTRLLS | [011 111 001 100 100 000] ⊕ [001 000 100 100 000 110] = [011 111 101 100 100 110]
|  31 | KTHLLE | HELSIE | KTRSSE | [011 111 001 100 100 000] ⊕ [001 000 100 110 010 000] = [011 111 101 110 110 000]
|  32 | KTHLLE | HERILE | KTRSLE | [011 111 001 100 100 000] ⊕ [001 000 101 010 100 000] = [011 111 101 110 100 000]
|  33 | KTHLLE | HERRLE | KTRRLE | [011 111 001 100 100 000] ⊕ [001 000 101 101 100 000] = [011 111 101 101 100 000]
|  34 | KTHLLE | HERSIR | KTRSSR | [011 111 001 100 100 000] ⊕ [001 000 101 110 010 101] = [011 111 101 110 110 101]
|  35 | KTHLLE | HERTEL | KTRTLL | [011 111 001 100 100 000] ⊕ [001 000 101 111 000 100] = [011 111 101 111 100 100]
|  36 | KTHLLE | HERTER | KTRTLR | [011 111 001 100 100 000] ⊕ [001 000 101 111 000 101] = [011 111 101 111 100 101]
|  37 | KTHLLE | HESLER | KTTLLR | [011 111 001 100 100 000] ⊕ [001 000 110 100 000 101] = [011 111 111 100 100 101]
|  38 | KTHLLE | HESSEL | KTTSLL | [011 111 001 100 100 000] ⊕ [001 000 110 110 000 100] = [011 111 111 110 100 100]
|  39 | KTHLLE | HESTER | KTTTLR | [011 111 001 100 100 000] ⊕ [001 000 110 111 000 101] = [011 111 111 111 100 101]
|  40 | KTHLLE | HETTER | KTTTLR | [011 111 001 100 100 000] ⊕ [001 000 111 111 000 101] = [011 111 111 111 100 101]
|  41 | KTHLLE | HETTIE | KTTTSE | [011 111 001 100 100 000] ⊕ [001 000 111 111 010 000] = [011 111 111 111 110 000]
|  42 | KTHLLE | HIKERS | KTKLRS | [011 111 001 100 100 000] ⊕ [001 010 011 000 101 110] = [011 111 011 100 101 110]
|  43 | KTHLLE | HILLEL | KTRLLL | [011 111 001 100 100 000] ⊕ [001 010 100 100 000 100] = [011 111 101 100 100 100]
|  44 | KTHLLE | HILLER | KTRLLR | [011 111 001 100 100 000] ⊕ [001 010 100 100 000 101] = [011 111 101 100 100 101]
|  45 | KTHLLE | HILLET | KTRLLT | [011 111 001 100 100 000] ⊕ [001 010 100 100 000 111] = [011 111 101 100 100 111]
|  46 | KTHLLE | HILLIE | KTRLSE | [011 111 001 100 100 000] ⊕ [001 010 100 100 010 000] = [011 111 101 100 110 000]
|  47 | KTHLLE | HILLIS | KTRLSS | [011 111 001 100 100 000] ⊕ [001 010 100 100 010 110] = [011 111 101 100 110 110]
|  48 | KTHLLE | HIRERS | KTRLRS | [011 111 001 100 100 000] ⊕ [001 010 101 000 101 110] = [011 111 101 100 101 110]
|  49 | KTHLLE | HIRSEL | KTRSLL | [011 111 001 100 100 000] ⊕ [001 010 101 110 000 100] = [011 111 101 110 100 100]
|  50 | KTHLLE | HIRSLE | KTRSLE | [011 111 001 100 100 000] ⊕ [001 010 101 110 100 000] = [011 111 101 110 100 000]
|  51 | KTHLLE | HISSEL | KTTSLL | [011 111 001 100 100 000] ⊕ [001 010 110 110 000 100] = [011 111 111 110 100 100]
|  52 | KTHLLE | HISSER | KTTSLR | [011 111 001 100 100 000] ⊕ [001 010 110 110 000 101] = [011 111 111 110 100 101]
|  53 | KTHLLE | HISSES | KTTSLS | [011 111 001 100 100 000] ⊕ [001 010 110 110 000 110] = [011 111 111 110 100 110]
|  54 | KTHLLE | HISTER | KTTTLR | [011 111 001 100 100 000] ⊕ [001 010 110 111 000 101] = [011 111 111 111 100 101]
|  55 | KTHLLE | HISTIE | KTTTSE | [011 111 001 100 100 000] ⊕ [001 010 110 111 010 000] = [011 111 111 111 110 000]
|  56 | KTHLLE | HITHER | KTTRLR | [011 111 001 100 100 000] ⊕ [001 010 111 001 000 101] = [011 111 111 101 100 101]
|  57 | KTHLLE | HITLER | KTTLLR | [011 111 001 100 100 000] ⊕ [001 010 111 100 000 101] = [011 111 111 100 100 101]
|  58 | KTHLLE | HITTEL | KTTTLL | [011 111 001 100 100 000] ⊕ [001 010 111 111 000 100] = [011 111 111 111 100 100]
|  59 | KTHLLE | HITTER | KTTTLR | [011 111 001 100 100 000] ⊕ [001 010 111 111 000 101] = [011 111 111 111 100 101]
|  60 | KTHLLE | IIETTE | KTHTTE | [011 111 001 100 100 000] ⊕ [010 010 000 111 111 000] = [011 111 001 111 111 000]
|  61 | KTHLLE | ILLESS | KTRLSS | [011 111 001 100 100 000] ⊕ [010 100 100 000 110 110] = [011 111 101 100 110 110]
|  62 | KTHLLE | ILLEST | KTRLST | [011 111 001 100 100 000] ⊕ [010 100 100 000 110 111] = [011 111 101 100 110 111]
|  63 | KTHLLE | ILLISH | KTRSSH | [011 111 001 100 100 000] ⊕ [010 100 100 010 110 001] = [011 111 101 110 110 001]
|  64 | KTHLLE | ILLITE | KTRSTE | [011 111 001 100 100 000] ⊕ [010 100 100 010 111 000] = [011 111 101 110 111 000]
|  65 | KTHLLE | IRISES | KTKSLS | [011 111 001 100 100 000] ⊕ [010 101 010 110 000 110] = [011 111 011 110 100 110]
|  66 | KTHLLE | IRITIS | KTKTSS | [011 111 001 100 100 000] ⊕ [010 101 010 111 010 110] = [011 111 011 111 110 110]
|  67 | KTHLLE | IRRITE | KTRSTE | [011 111 001 100 100 000] ⊕ [010 101 101 010 111 000] = [011 111 101 110 111 000]
|  68 | KTHLLE | IRTISH | KTTSSH | [011 111 001 100 100 000] ⊕ [010 101 111 010 110 001] = [011 111 111 110 110 001]
|  69 | KTHLLE | ISLETS | KTRLTS | [011 111 001 100 100 000] ⊕ [010 110 100 000 111 110] = [011 111 101 100 111 110]
|  70 | KTHLLE | ISSEIS | KTTLSS | [011 111 001 100 100 000] ⊕ [010 110 110 000 010 110] = [011 111 111 100 110 110]
|  71 | KTHLLE | ISSITE | KTTSTE | [011 111 001 100 100 000] ⊕ [010 110 110 010 111 000] = [011 111 111 110 111 000]
|  72 | KTHLLE | ISTLES | KTTLLS | [011 111 001 100 100 000] ⊕ [010 110 111 100 000 110] = [011 111 111 100 100 110]
|  73 | KTHLLE | ITHIEL | KTHSLL | [011 111 001 100 100 000] ⊕ [010 111 001 010 000 100] = [011 111 001 110 100 100]
|  74 | KTHLLE | KEEKER | KTHTLR | [011 111 001 100 100 000] ⊕ [011 000 000 011 000 101] = [011 111 001 111 100 101]
|  75 | KTHLLE | KEELER | KTHLLR | [011 111 001 100 100 000] ⊕ [011 000 000 100 000 101] = [011 111 001 100 100 101]
|  76 | KTHLLE | KEELIE | KTHLSE | [011 111 001 100 100 000] ⊕ [011 000 000 100 010 000] = [011 111 001 100 110 000]
|  77 | KTHLLE | KEERIE | KTHRSE | [011 111 001 100 100 000] ⊕ [011 000 000 101 010 000] = [011 111 001 101 110 000]
|  78 | KTHLLE | KEISER | KTKSLR | [011 111 001 100 100 000] ⊕ [011 000 010 110 000 101] = [011 111 011 110 100 101]
|  79 | KTHLLE | KEITEL | KTKTLL | [011 111 001 100 100 000] ⊕ [011 000 010 111 000 100] = [011 111 011 111 100 100]
|  80 | KTHLLE | KELLER | KTRLLR | [011 111 001 100 100 000] ⊕ [011 000 100 100 000 101] = [011 111 101 100 100 101]
|  81 | KTHLLE | KELLET | KTRLLT | [011 111 001 100 100 000] ⊕ [011 000 100 100 000 111] = [011 111 101 100 100 111]
|  82 | KTHLLE | KELLIE | KTRLSE | [011 111 001 100 100 000] ⊕ [011 000 100 100 010 000] = [011 111 101 100 110 000]
|  83 | KTHLLE | KELTER | KTRTLR | [011 111 001 100 100 000] ⊕ [011 000 100 111 000 101] = [011 111 101 111 100 101]
|  84 | KTHLLE | KELTIE | KTRTSE | [011 111 001 100 100 000] ⊕ [011 000 100 111 010 000] = [011 111 101 111 110 000]
|  85 | KTHLLE | KERITE | KTRSTE | [011 111 001 100 100 000] ⊕ [011 000 101 010 111 000] = [011 111 101 110 111 000]
|  86 | KTHLLE | KERRIE | KTRRSE | [011 111 001 100 100 000] ⊕ [011 000 101 101 010 000] = [011 111 101 101 110 000]
|  87 | KTHLLE | KERRIL | KTRRSL | [011 111 001 100 100 000] ⊕ [011 000 101 101 010 100] = [011 111 101 101 110 100]
|  88 | KTHLLE | KESLIE | KTTLSE | [011 111 001 100 100 000] ⊕ [011 000 110 100 010 000] = [011 111 111 100 110 000]
|  89 | KTHLLE | KESSEL | KTTSLL | [011 111 001 100 100 000] ⊕ [011 000 110 110 000 100] = [011 111 111 110 100 100]
|  90 | KTHLLE | KESTER | KTTTLR | [011 111 001 100 100 000] ⊕ [011 000 110 111 000 101] = [011 111 111 111 100 101]
|  91 | KTHLLE | KETTIE | KTTTSE | [011 111 001 100 100 000] ⊕ [011 000 111 111 010 000] = [011 111 111 111 110 000]
|  92 | KTHLLE | KETTLE | KTTTLE | [011 111 001 100 100 000] ⊕ [011 000 111 111 100 000] = [011 111 111 111 100 000]
|  93 | KTHLLE | KHETHS | KTHTRS | [011 111 001 100 100 000] ⊕ [011 001 000 111 001 110] = [011 111 001 111 101 110]
|  94 | KTHLLE | KIEKIE | KTHTSE | [011 111 001 100 100 000] ⊕ [011 010 000 011 010 000] = [011 111 001 111 110 000]
|  95 | KTHLLE | KIELER | KTHLLR | [011 111 001 100 100 000] ⊕ [011 010 000 100 000 101] = [011 111 001 100 100 101]
|  96 | KTHLLE | KILLER | KTRLLR | [011 111 001 100 100 000] ⊕ [011 010 100 100 000 101] = [011 111 101 100 100 101]
|  97 | KTHLLE | KILLIE | KTRLSE | [011 111 001 100 100 000] ⊕ [011 010 100 100 010 000] = [011 111 101 100 110 000]
|  98 | KTHLLE | KILTER | KTRTLR | [011 111 001 100 100 000] ⊕ [011 010 100 111 000 101] = [011 111 101 111 100 101]
|  99 | KTHLLE | KILTIE | KTRTSE | [011 111 001 100 100 000] ⊕ [011 010 100 111 010 000] = [011 111 101 111 110 000]
| 100 | KTHLLE | KIRKER | KTRTLR | [011 111 001 100 100 000] ⊕ [011 010 101 011 000 101] = [011 111 101 111 100 101]
| 101 | KTHLLE | KIRSTI | KTRSTI | [011 111 001 100 100 000] ⊕ [011 010 101 110 111 010] = [011 111 101 110 111 010]
| 102 | KTHLLE | KIRTLE | KTRTLE | [011 111 001 100 100 000] ⊕ [011 010 101 111 100 000] = [011 111 101 111 100 000]
| 103 | KTHLLE | KISHKE | KTTRTE | [011 111 001 100 100 000] ⊕ [011 010 110 001 011 000] = [011 111 111 101 111 000]
| 104 | KTHLLE | KISSEE | KTTSLE | [011 111 001 100 100 000] ⊕ [011 010 110 110 000 000] = [011 111 111 110 100 000]
| 105 | KTHLLE | KISSEL | KTTSLL | [011 111 001 100 100 000] ⊕ [011 010 110 110 000 100] = [011 111 111 110 100 100]
| 106 | KTHLLE | KISSER | KTTSLR | [011 111 001 100 100 000] ⊕ [011 010 110 110 000 101] = [011 111 111 110 100 101]
| 107 | KTHLLE | KISSES | KTTSLS | [011 111 001 100 100 000] ⊕ [011 010 110 110 000 110] = [011 111 111 110 100 110]
| 108 | KTHLLE | KISSIE | KTTSSE | [011 111 001 100 100 000] ⊕ [011 010 110 110 010 000] = [011 111 111 110 110 000]
| 109 | KTHLLE | KITERS | KTTLRS | [011 111 001 100 100 000] ⊕ [011 010 111 000 101 110] = [011 111 111 100 101 110]
| 110 | KTHLLE | KITHES | KTTRLS | [011 111 001 100 100 000] ⊕ [011 010 111 001 000 110] = [011 111 111 101 100 110]
| 111 | KTHLLE | KITISH | KTTSSH | [011 111 001 100 100 000] ⊕ [011 010 111 010 110 001] = [011 111 111 110 110 001]
| 112 | KTHLLE | KITTEL | KTTTLL | [011 111 001 100 100 000] ⊕ [011 010 111 111 000 100] = [011 111 111 111 100 100]
| 113 | KTHLLE | KITTER | KTTTLR | [011 111 001 100 100 000] ⊕ [011 010 111 111 000 101] = [011 111 111 111 100 101]
| 114 | KTHLLE | KITTIE | KTTTSE | [011 111 001 100 100 000] ⊕ [011 010 111 111 010 000] = [011 111 111 111 110 000]
| 115 | KTHLLE | KITTLE | KTTTLE | [011 111 001 100 100 000] ⊕ [011 010 111 111 100 000] = [011 111 111 111 100 000]
| 116 | KTHLLE | KLEIST | KTHSST | [011 111 001 100 100 000] ⊕ [011 100 000 010 110 111] = [011 111 001 110 110 111]
| 117 | KTHLLE | KREESE | KTHLSE | [011 111 001 100 100 000] ⊕ [011 101 000 000 110 000] = [011 111 001 100 110 000]
| 118 | KTHLLE | KRILLS | KTKLLS | [011 111 001 100 100 000] ⊕ [011 101 010 100 100 110] = [011 111 011 100 100 110]
| 119 | KTHLLE | KRISES | KTKSLS | [011 111 001 100 100 000] ⊕ [011 101 010 110 000 110] = [011 111 011 110 100 110]
| 120 | KTHLLE | KRISTE | KTKSTE | [011 111 001 100 100 000] ⊕ [011 101 010 110 111 000] = [011 111 011 110 111 000]
| 121 | KTHLLE | KRISTI | KTKSTI | [011 111 001 100 100 000] ⊕ [011 101 010 110 111 010] = [011 111 011 110 111 010]
| 122 | KTHLLE | LEESER | TTHSLR | [011 111 001 100 100 000] ⊕ [100 000 000 110 000 101] = [111 111 001 110 100 101]
| 123 | KTHLLE | LEETLE | TTHTLE | [011 111 001 100 100 000] ⊕ [100 000 000 111 100 000] = [111 111 001 111 100 000]
| 124 | KTHLLE | LEHRER | TTHRLR | [011 111 001 100 100 000] ⊕ [100 000 001 101 000 101] = [111 111 001 101 100 101]
| 125 | KTHLLE | LEISER | TTKSLR | [011 111 001 100 100 000] ⊕ [100 000 010 110 000 101] = [111 111 011 110 100 101]
| 126 | KTHLLE | LEITER | TTKTLR | [011 111 001 100 100 000] ⊕ [100 000 010 111 000 101] = [111 111 011 111 100 101]
| 127 | KTHLLE | LEKKER | TTKTLR | [011 111 001 100 100 000] ⊕ [100 000 011 011 000 101] = [111 111 011 111 100 101]
| 128 | KTHLLE | LELITH | TTRSTH | [011 111 001 100 100 000] ⊕ [100 000 100 010 111 001] = [111 111 101 110 111 001]
| 129 | KTHLLE | LERRET | TTRRLT | [011 111 001 100 100 000] ⊕ [100 000 101 101 000 111] = [111 111 101 101 100 111]
| 130 | KTHLLE | LESLEE | TTTLLE | [011 111 001 100 100 000] ⊕ [100 000 110 100 000 000] = [111 111 111 100 100 000]
| 131 | KTHLLE | LESLIE | TTTLSE | [011 111 001 100 100 000] ⊕ [100 000 110 100 010 000] = [111 111 111 100 110 000]
| 132 | KTHLLE | LESSEE | TTTSLE | [011 111 001 100 100 000] ⊕ [100 000 110 110 000 000] = [111 111 111 110 100 000]
| 133 | KTHLLE | LESSER | TTTSLR | [011 111 001 100 100 000] ⊕ [100 000 110 110 000 101] = [111 111 111 110 100 101]
| 134 | KTHLLE | LESSES | TTTSLS | [011 111 001 100 100 000] ⊕ [100 000 110 110 000 110] = [111 111 111 110 100 110]
| 135 | KTHLLE | LESTER | TTTTLR | [011 111 001 100 100 000] ⊕ [100 000 110 111 000 101] = [111 111 111 111 100 101]
| 136 | KTHLLE | LETHES | TTTRLS | [011 111 001 100 100 000] ⊕ [100 000 111 001 000 110] = [111 111 111 101 100 110]
| 137 | KTHLLE | LETTER | TTTTLR | [011 111 001 100 100 000] ⊕ [100 000 111 111 000 101] = [111 111 111 111 100 101]
| 138 | KTHLLE | LETTIE | TTTTSE | [011 111 001 100 100 000] ⊕ [100 000 111 111 010 000] = [111 111 111 111 110 000]
| 139 | KTHLLE | LIERRE | TTHRRE | [011 111 001 100 100 000] ⊕ [100 010 000 101 101 000] = [111 111 001 101 101 000]
| 140 | KTHLLE | LIKERS | TTKLRS | [011 111 001 100 100 000] ⊕ [100 010 011 000 101 110] = [111 111 011 100 101 110]
| 141 | KTHLLE | LIKEST | TTKLST | [011 111 001 100 100 000] ⊕ [100 010 011 000 110 111] = [111 111 011 100 110 111]
| 142 | KTHLLE | LIKKER | TTKTLR | [011 111 001 100 100 000] ⊕ [100 010 011 011 000 101] = [111 111 011 111 100 101]
| 143 | KTHLLE | LILIES | TTRSLS | [011 111 001 100 100 000] ⊕ [100 010 100 010 000 110] = [111 111 101 110 100 110]
| 144 | KTHLLE | LILITH | TTRSTH | [011 111 001 100 100 000] ⊕ [100 010 100 010 111 001] = [111 111 101 110 111 001]
| 145 | KTHLLE | LILLIE | TTRLSE | [011 111 001 100 100 000] ⊕ [100 010 100 100 010 000] = [111 111 101 100 110 000]
| 146 | KTHLLE | LILLIS | TTRLSS | [011 111 001 100 100 000] ⊕ [100 010 100 100 010 110] = [111 111 101 100 110 110]
| 147 | KTHLLE | LISERE | TTTLRE | [011 111 001 100 100 000] ⊕ [100 010 110 000 101 000] = [111 111 111 100 101 000]
| 148 | KTHLLE | LISLES | TTTLLS | [011 111 001 100 100 000] ⊕ [100 010 110 100 000 110] = [111 111 111 100 100 110]
| 149 | KTHLLE | LISSES | TTTSLS | [011 111 001 100 100 000] ⊕ [100 010 110 110 000 110] = [111 111 111 110 100 110]
| 150 | KTHLLE | LISSIE | TTTSSE | [011 111 001 100 100 000] ⊕ [100 010 110 110 010 000] = [111 111 111 110 110 000]
| 151 | KTHLLE | LISTEL | TTTTLL | [011 111 001 100 100 000] ⊕ [100 010 110 111 000 100] = [111 111 111 111 100 100]
| 152 | KTHLLE | LISTER | TTTTLR | [011 111 001 100 100 000] ⊕ [100 010 110 111 000 101] = [111 111 111 111 100 101]
| 153 | KTHLLE | LISTIE | TTTTSE | [011 111 001 100 100 000] ⊕ [100 010 110 111 010 000] = [111 111 111 111 110 000]
| 154 | KTHLLE | LITERS | TTTLRS | [011 111 001 100 100 000] ⊕ [100 010 111 000 101 110] = [111 111 111 100 101 110]
| 155 | KTHLLE | LITHER | TTTRLR | [011 111 001 100 100 000] ⊕ [100 010 111 001 000 101] = [111 111 111 101 100 101]
| 156 | KTHLLE | LITRES | TTTRLS | [011 111 001 100 100 000] ⊕ [100 010 111 101 000 110] = [111 111 111 101 100 110]
| 157 | KTHLLE | LITTER | TTTTLR | [011 111 001 100 100 000] ⊕ [100 010 111 111 000 101] = [111 111 111 111 100 101]
| 158 | KTHLLE | LITTLE | TTTTLE | [011 111 001 100 100 000] ⊕ [100 010 111 111 100 000] = [111 111 111 111 100 000]
| 159 | KTHLLE | LITTRE | TTTTRE | [011 111 001 100 100 000] ⊕ [100 010 111 111 101 000] = [111 111 111 111 101 000]
| 160 | KTHLLE | REEHER | TTHRLR | [011 111 001 100 100 000] ⊕ [101 000 000 001 000 101] = [111 111 001 101 100 101]
| 161 | KTHLLE | REEKER | TTHTLR | [011 111 001 100 100 000] ⊕ [101 000 000 011 000 101] = [111 111 001 111 100 101]
| 162 | KTHLLE | REELER | TTHLLR | [011 111 001 100 100 000] ⊕ [101 000 000 100 000 101] = [111 111 001 100 100 101]
| 163 | KTHLLE | REESLE | TTHSLE | [011 111 001 100 100 000] ⊕ [101 000 000 110 100 000] = [111 111 001 110 100 000]
| 164 | KTHLLE | REESTS | TTHSTS | [011 111 001 100 100 000] ⊕ [101 000 000 110 111 110] = [111 111 001 110 111 110]
| 165 | KTHLLE | REETLE | TTHTLE | [011 111 001 100 100 000] ⊕ [101 000 000 111 100 000] = [111 111 001 111 100 000]
| 166 | KTHLLE | REHEEL | TTHLLL | [011 111 001 100 100 000] ⊕ [101 000 001 000 000 100] = [111 111 001 100 100 100]
| 167 | KTHLLE | REHETE | TTHLTE | [011 111 001 100 100 000] ⊕ [101 000 001 000 111 000] = [111 111 001 100 111 000]
| 168 | KTHLLE | REHIRE | TTHSRE | [011 111 001 100 100 000] ⊕ [101 000 001 010 101 000] = [111 111 001 110 101 000]
| 169 | KTHLLE | REISER | TTKSLR | [011 111 001 100 100 000] ⊕ [101 000 010 110 000 101] = [111 111 011 110 100 101]
| 170 | KTHLLE | REITER | TTKTLR | [011 111 001 100 100 000] ⊕ [101 000 010 111 000 101] = [111 111 011 111 100 101]
| 171 | KTHLLE | REKHTI | TTKRTI | [011 111 001 100 100 000] ⊕ [101 000 011 001 111 010] = [111 111 011 101 111 010]
| 172 | KTHLLE | REKILL | TTKSLL | [011 111 001 100 100 000] ⊕ [101 000 011 010 100 100] = [111 111 011 110 100 100]
| 173 | KTHLLE | REKISS | TTKSSS | [011 111 001 100 100 000] ⊕ [101 000 011 010 110 110] = [111 111 011 110 110 110]
| 174 | KTHLLE | RELETS | TTRLTS | [011 111 001 100 100 000] ⊕ [101 000 100 000 111 110] = [111 111 101 100 111 110]
| 175 | KTHLLE | RELIER | TTRSLR | [011 111 001 100 100 000] ⊕ [101 000 100 010 000 101] = [111 111 101 110 100 101]
| 176 | KTHLLE | RELIES | TTRSLS | [011 111 001 100 100 000] ⊕ [101 000 100 010 000 110] = [111 111 101 110 100 110]
| 177 | KTHLLE | RELISH | TTRSSH | [011 111 001 100 100 000] ⊕ [101 000 100 010 110 001] = [111 111 101 110 110 001]
| 178 | KTHLLE | RELIST | TTRSST | [011 111 001 100 100 000] ⊕ [101 000 100 010 110 111] = [111 111 101 110 110 111]
| 179 | KTHLLE | REREEL | TTRLLL | [011 111 001 100 100 000] ⊕ [101 000 101 000 000 100] = [111 111 101 100 100 100]
| 180 | KTHLLE | RERISE | TTRSSE | [011 111 001 100 100 000] ⊕ [101 000 101 010 110 000] = [111 111 101 110 110 000]
| 181 | KTHLLE | RESEEK | TTTLLK | [011 111 001 100 100 000] ⊕ [101 000 110 000 000 011] = [111 111 111 100 100 011]
| 182 | KTHLLE | RESEES | TTTLLS | [011 111 001 100 100 000] ⊕ [101 000 110 000 000 110] = [111 111 111 100 100 110]
| 183 | KTHLLE | RESELL | TTTLLL | [011 111 001 100 100 000] ⊕ [101 000 110 000 100 100] = [111 111 111 100 100 100]
| 184 | KTHLLE | RESETS | TTTLTS | [011 111 001 100 100 000] ⊕ [101 000 110 000 111 110] = [111 111 111 100 111 110]
| 185 | KTHLLE | RESHES | TTTRLS | [011 111 001 100 100 000] ⊕ [101 000 110 001 000 110] = [111 111 111 101 100 110]
| 186 | KTHLLE | RESILE | TTTSLE | [011 111 001 100 100 000] ⊕ [101 000 110 010 100 000] = [111 111 111 110 100 000]
| 187 | KTHLLE | RESIST | TTTSST | [011 111 001 100 100 000] ⊕ [101 000 110 010 110 111] = [111 111 111 110 110 111]
| 188 | KTHLLE | RESITE | TTTSTE | [011 111 001 100 100 000] ⊕ [101 000 110 010 111 000] = [111 111 111 110 111 000]
| 189 | KTHLLE | RESTER | TTTTLR | [011 111 001 100 100 000] ⊕ [101 000 110 111 000 101] = [111 111 111 111 100 101]
| 190 | KTHLLE | RESTES | TTTTLS | [011 111 001 100 100 000] ⊕ [101 000 110 111 000 110] = [111 111 111 111 100 110]
| 191 | KTHLLE | RESTIR | TTTTSR | [011 111 001 100 100 000] ⊕ [101 000 110 111 010 101] = [111 111 111 111 110 101]
| 192 | KTHLLE | RESTIS | TTTTSS | [011 111 001 100 100 000] ⊕ [101 000 110 111 010 110] = [111 111 111 111 110 110]
| 193 | KTHLLE | RETELL | TTTLLL | [011 111 001 100 100 000] ⊕ [101 000 111 000 100 100] = [111 111 111 100 100 100]
| 194 | KTHLLE | RETEST | TTTLST | [011 111 001 100 100 000] ⊕ [101 000 111 000 110 111] = [111 111 111 100 110 111]
| 195 | KTHLLE | RETHER | TTTRLR | [011 111 001 100 100 000] ⊕ [101 000 111 001 000 101] = [111 111 111 101 100 101]
| 196 | KTHLLE | RETIER | TTTSLR | [011 111 001 100 100 000] ⊕ [101 000 111 010 000 101] = [111 111 111 110 100 101]
| 197 | KTHLLE | RETIES | TTTSLS | [011 111 001 100 100 000] ⊕ [101 000 111 010 000 110] = [111 111 111 110 100 110]
| 198 | KTHLLE | RETILE | TTTSLE | [011 111 001 100 100 000] ⊕ [101 000 111 010 100 000] = [111 111 111 110 100 000]
| 199 | KTHLLE | RETILL | TTTSLL | [011 111 001 100 100 000] ⊕ [101 000 111 010 100 100] = [111 111 111 110 100 100]
| 200 | KTHLLE | RETIRE | TTTSRE | [011 111 001 100 100 000] ⊕ [101 000 111 010 101 000] = [111 111 111 110 101 000]
| 201 | KTHLLE | RETREE | TTTRLE | [011 111 001 100 100 000] ⊕ [101 000 111 101 000 000] = [111 111 111 101 100 000]
| 202 | KTHLLE | RETTER | TTTTLR | [011 111 001 100 100 000] ⊕ [101 000 111 111 000 101] = [111 111 111 111 100 101]
| 203 | KTHLLE | RETTKE | TTTTTE | [011 111 001 100 100 000] ⊕ [101 000 111 111 011 000] = [111 111 111 111 111 000]
| 204 | KTHLLE | RHESIS | TTHSSS | [011 111 001 100 100 000] ⊕ [101 001 000 110 010 110] = [111 111 001 110 110 110]
| 205 | KTHLLE | RIESEL | TTHSLL | [011 111 001 100 100 000] ⊕ [101 010 000 110 000 100] = [111 111 001 110 100 100]
| 206 | KTHLLE | RILLES | TTRLLS | [011 111 001 100 100 000] ⊕ [101 010 100 100 000 110] = [111 111 101 100 100 110]
| 207 | KTHLLE | RILLET | TTRLLT | [011 111 001 100 100 000] ⊕ [101 010 100 100 000 111] = [111 111 101 100 100 111]
| 208 | KTHLLE | RILLIS | TTRLSS | [011 111 001 100 100 000] ⊕ [101 010 100 100 010 110] = [111 111 101 100 110 110]
| 209 | KTHLLE | RISERS | TTTLRS | [011 111 001 100 100 000] ⊕ [101 010 110 000 101 110] = [111 111 111 100 101 110]
| 210 | KTHLLE | RISHIS | TTTRSS | [011 111 001 100 100 000] ⊕ [101 010 110 001 010 110] = [111 111 111 101 110 110]
| 211 | KTHLLE | RISKER | TTTTLR | [011 111 001 100 100 000] ⊕ [101 010 110 011 000 101] = [111 111 111 111 100 101]
| 212 | KTHLLE | RISSEL | TTTSLL | [011 111 001 100 100 000] ⊕ [101 010 110 110 000 100] = [111 111 111 110 100 100]
| 213 | KTHLLE | RISSER | TTTSLR | [011 111 001 100 100 000] ⊕ [101 010 110 110 000 101] = [111 111 111 110 100 101]
| 214 | KTHLLE | RISSLE | TTTSLE | [011 111 001 100 100 000] ⊕ [101 010 110 110 100 000] = [111 111 111 110 100 000]
| 215 | KTHLLE | RITTER | TTTTLR | [011 111 001 100 100 000] ⊕ [101 010 111 111 000 101] = [111 111 111 111 100 101]
| 216 | KTHLLE | SEEKER | TTHTLR | [011 111 001 100 100 000] ⊕ [110 000 000 011 000 101] = [111 111 001 111 100 101]
| 217 | KTHLLE | SEESEE | TTHSLE | [011 111 001 100 100 000] ⊕ [110 000 000 110 000 000] = [111 111 001 110 100 000]
| 218 | KTHLLE | SEETHE | TTHTRE | [011 111 001 100 100 000] ⊕ [110 000 000 111 001 000] = [111 111 001 111 101 000]
| 219 | KTHLLE | SEISER | TTKSLR | [011 111 001 100 100 000] ⊕ [110 000 010 110 000 101] = [111 111 011 110 100 101]
| 220 | KTHLLE | SEISES | TTKSLS | [011 111 001 100 100 000] ⊕ [110 000 010 110 000 110] = [111 111 011 110 100 110]
| 221 | KTHLLE | SEITER | TTKTLR | [011 111 001 100 100 000] ⊕ [110 000 010 111 000 101] = [111 111 011 111 100 101]
| 222 | KTHLLE | SEKERE | TTKLRE | [011 111 001 100 100 000] ⊕ [110 000 011 000 101 000] = [111 111 011 100 101 000]
| 223 | KTHLLE | SELLER | TTRLLR | [011 111 001 100 100 000] ⊕ [110 000 100 100 000 101] = [111 111 101 100 100 101]
| 224 | KTHLLE | SELLES | TTRLLS | [011 111 001 100 100 000] ⊕ [110 000 100 100 000 110] = [111 111 101 100 100 110]
| 225 | KTHLLE | SELLIE | TTRLSE | [011 111 001 100 100 000] ⊕ [110 000 100 100 010 000] = [111 111 101 100 110 000]
| 226 | KTHLLE | SELTER | TTRTLR | [011 111 001 100 100 000] ⊕ [110 000 100 111 000 101] = [111 111 101 111 100 101]
| 227 | KTHLLE | SEREST | TTRLST | [011 111 001 100 100 000] ⊕ [110 000 101 000 110 111] = [111 111 101 100 110 111]
| 228 | KTHLLE | SERETH | TTRLTH | [011 111 001 100 100 000] ⊕ [110 000 101 000 111 001] = [111 111 101 100 111 001]
| 229 | KTHLLE | SERIES | TTRSLS | [011 111 001 100 100 000] ⊕ [110 000 101 010 000 110] = [111 111 101 110 100 110]
| 230 | KTHLLE | SERLES | TTRLLS | [011 111 001 100 100 000] ⊕ [110 000 101 100 000 110] = [111 111 101 100 100 110]
| 231 | KTHLLE | SESELI | TTTLLI | [011 111 001 100 100 000] ⊕ [110 000 110 000 100 010] = [111 111 111 100 100 010]
| 232 | KTHLLE | SESSER | TTTSLR | [011 111 001 100 100 000] ⊕ [110 000 110 110 000 101] = [111 111 111 110 100 101]
| 233 | KTHLLE | SESTET | TTTTLT | [011 111 001 100 100 000] ⊕ [110 000 110 111 000 111] = [111 111 111 111 100 111]
| 234 | KTHLLE | SETIER | TTTSLR | [011 111 001 100 100 000] ⊕ [110 000 111 010 000 101] = [111 111 111 110 100 101]
| 235 | KTHLLE | SETTEE | TTTTLE | [011 111 001 100 100 000] ⊕ [110 000 111 111 000 000] = [111 111 111 111 100 000]
| 236 | KTHLLE | SETTER | TTTTLR | [011 111 001 100 100 000] ⊕ [110 000 111 111 000 101] = [111 111 111 111 100 101]
| 237 | KTHLLE | SETTLE | TTTTLE | [011 111 001 100 100 000] ⊕ [110 000 111 111 100 000] = [111 111 111 111 100 000]
| 238 | KTHLLE | SHEERS | TTHLRS | [011 111 001 100 100 000] ⊕ [110 001 000 000 101 110] = [111 111 001 100 101 110]
| 239 | KTHLLE | SHEETS | TTHLTS | [011 111 001 100 100 000] ⊕ [110 001 000 000 111 110] = [111 111 001 100 111 110]
| 240 | KTHLLE | SHEIKH | TTHSTH | [011 111 001 100 100 000] ⊕ [110 001 000 010 011 001] = [111 111 001 110 111 001]
| 241 | KTHLLE | SHEIKS | TTHSTS | [011 111 001 100 100 000] ⊕ [110 001 000 010 011 110] = [111 111 001 110 111 110]
| 242 | KTHLLE | SHEKEL | TTHTLL | [011 111 001 100 100 000] ⊕ [110 001 000 011 000 100] = [111 111 001 111 100 100]
| 243 | KTHLLE | SHELLI | TTHLLI | [011 111 001 100 100 000] ⊕ [110 001 000 100 100 010] = [111 111 001 100 100 010]
| 244 | KTHLLE | SHELLS | TTHLLS | [011 111 001 100 100 000] ⊕ [110 001 000 100 100 110] = [111 111 001 100 100 110]
| 245 | KTHLLE | SHEREE | TTHRLE | [011 111 001 100 100 000] ⊕ [110 001 000 101 000 000] = [111 111 001 101 100 000]
| 246 | KTHLLE | SHERER | TTHRLR | [011 111 001 100 100 000] ⊕ [110 001 000 101 000 101] = [111 111 001 101 100 101]
| 247 | KTHLLE | SHERIE | TTHRSE | [011 111 001 100 100 000] ⊕ [110 001 000 101 010 000] = [111 111 001 101 110 000]
| 248 | KTHLLE | SHERRI | TTHRRI | [011 111 001 100 100 000] ⊕ [110 001 000 101 101 010] = [111 111 001 101 101 010]
| 249 | KTHLLE | SHIEKH | TTKLTH | [011 111 001 100 100 000] ⊕ [110 001 010 000 011 001] = [111 111 011 100 111 001]
| 250 | KTHLLE | SHIELS | TTKLLS | [011 111 001 100 100 000] ⊕ [110 001 010 000 100 110] = [111 111 011 100 100 110]
| 251 | KTHLLE | SHIERS | TTKLRS | [011 111 001 100 100 000] ⊕ [110 001 010 000 101 110] = [111 111 011 100 101 110]
| 252 | KTHLLE | SHIEST | TTKLST | [011 111 001 100 100 000] ⊕ [110 001 010 000 110 111] = [111 111 011 100 110 111]
| 253 | KTHLLE | SHIITE | TTKSTE | [011 111 001 100 100 000] ⊕ [110 001 010 010 111 000] = [111 111 011 110 111 000]
| 254 | KTHLLE | SHIKII | TTKTSI | [011 111 001 100 100 000] ⊕ [110 001 010 011 010 010] = [111 111 011 111 110 010]
| 255 | KTHLLE | SHIKSE | TTKTSE | [011 111 001 100 100 000] ⊕ [110 001 010 011 110 000] = [111 111 011 111 110 000]
| 256 | KTHLLE | SHILLS | TTKLLS | [011 111 001 100 100 000] ⊕ [110 001 010 100 100 110] = [111 111 011 100 100 110]
| 257 | KTHLLE | SHIRES | TTKRLS | [011 111 001 100 100 000] ⊕ [110 001 010 101 000 110] = [111 111 011 101 100 110]
| 258 | KTHLLE | SHIRKS | TTKRTS | [011 111 001 100 100 000] ⊕ [110 001 010 101 011 110] = [111 111 011 101 111 110]
| 259 | KTHLLE | SHIRRS | TTKRRS | [011 111 001 100 100 000] ⊕ [110 001 010 101 101 110] = [111 111 011 101 101 110]
| 260 | KTHLLE | SHIRTS | TTKRTS | [011 111 001 100 100 000] ⊕ [110 001 010 101 111 110] = [111 111 011 101 111 110]
| 261 | KTHLLE | SHISTS | TTKSTS | [011 111 001 100 100 000] ⊕ [110 001 010 110 111 110] = [111 111 011 110 111 110]
| 262 | KTHLLE | SHRIEK | TTRSLK | [011 111 001 100 100 000] ⊕ [110 001 101 010 000 011] = [111 111 101 110 100 011]
| 263 | KTHLLE | SHRIER | TTRSLR | [011 111 001 100 100 000] ⊕ [110 001 101 010 000 101] = [111 111 101 110 100 101]
| 264 | KTHLLE | SHRIKE | TTRSTE | [011 111 001 100 100 000] ⊕ [110 001 101 010 011 000] = [111 111 101 110 111 000]
| 265 | KTHLLE | SHRILL | TTRSLL | [011 111 001 100 100 000] ⊕ [110 001 101 010 100 100] = [111 111 101 110 100 100]
| 266 | KTHLLE | SHRITE | TTRSTE | [011 111 001 100 100 000] ⊕ [110 001 101 010 111 000] = [111 111 101 110 111 000]
| 267 | KTHLLE | SHTETL | TTTLTL | [011 111 001 100 100 000] ⊕ [110 001 111 000 111 100] = [111 111 111 100 111 100]
| 268 | KTHLLE | SHTIKS | TTTSTS | [011 111 001 100 100 000] ⊕ [110 001 111 010 011 110] = [111 111 111 110 111 110]
| 269 | KTHLLE | SILKER | TTRTLR | [011 111 001 100 100 000] ⊕ [110 010 100 011 000 101] = [111 111 101 111 100 101]
| 270 | KTHLLE | SILKIE | TTRTSE | [011 111 001 100 100 000] ⊕ [110 010 100 011 010 000] = [111 111 101 111 110 000]
| 271 | KTHLLE | SILLER | TTRLLR | [011 111 001 100 100 000] ⊕ [110 010 100 100 000 101] = [111 111 101 100 100 101]
| 272 | KTHLLE | SIREES | TTRLLS | [011 111 001 100 100 000] ⊕ [110 010 101 000 000 110] = [111 111 101 100 100 110]
| 273 | KTHLLE | SIRESS | TTRLSS | [011 111 001 100 100 000] ⊕ [110 010 101 000 110 110] = [111 111 101 100 110 110]
| 274 | KTHLLE | SIRREE | TTRRLE | [011 111 001 100 100 000] ⊕ [110 010 101 101 000 000] = [111 111 101 101 100 000]
| 275 | KTHLLE | SISILE | TTTSLE | [011 111 001 100 100 000] ⊕ [110 010 110 010 100 000] = [111 111 111 110 100 000]
| 276 | KTHLLE | SISITH | TTTSTH | [011 111 001 100 100 000] ⊕ [110 010 110 010 111 001] = [111 111 111 110 111 001]
| 277 | KTHLLE | SISSEL | TTTSLL | [011 111 001 100 100 000] ⊕ [110 010 110 110 000 100] = [111 111 111 110 100 100]
| 278 | KTHLLE | SISSIE | TTTSSE | [011 111 001 100 100 000] ⊕ [110 010 110 110 010 000] = [111 111 111 110 110 000]
| 279 | KTHLLE | SISTER | TTTTLR | [011 111 001 100 100 000] ⊕ [110 010 110 111 000 101] = [111 111 111 111 100 101]
| 280 | KTHLLE | SISTLE | TTTTLE | [011 111 001 100 100 000] ⊕ [110 010 110 111 100 000] = [111 111 111 111 100 000]
| 281 | KTHLLE | SITHES | TTTRLS | [011 111 001 100 100 000] ⊕ [110 010 111 001 000 110] = [111 111 111 101 100 110]
| 282 | KTHLLE | SITTEE | TTTTLE | [011 111 001 100 100 000] ⊕ [110 010 111 111 000 000] = [111 111 111 111 100 000]
| 283 | KTHLLE | SITTER | TTTTLR | [011 111 001 100 100 000] ⊕ [110 010 111 111 000 101] = [111 111 111 111 100 101]
| 284 | KTHLLE | SKEETS | TTHLTS | [011 111 001 100 100 000] ⊕ [110 011 000 000 111 110] = [111 111 001 100 111 110]
| 285 | KTHLLE | SKELET | TTHLLT | [011 111 001 100 100 000] ⊕ [110 011 000 100 000 111] = [111 111 001 100 100 111]
| 286 | KTHLLE | SKIERS | TTKLRS | [011 111 001 100 100 000] ⊕ [110 011 010 000 101 110] = [111 111 011 100 101 110]
| 287 | KTHLLE | SKIEST | TTKLST | [011 111 001 100 100 000] ⊕ [110 011 010 000 110 111] = [111 111 011 100 110 111]
| 288 | KTHLLE | SKILLS | TTKLLS | [011 111 001 100 100 000] ⊕ [110 011 010 100 100 110] = [111 111 011 100 100 110]
| 289 | KTHLLE | SKILTS | TTKLTS | [011 111 001 100 100 000] ⊕ [110 011 010 100 111 110] = [111 111 011 100 111 110]
| 290 | KTHLLE | SKIRLS | TTKRLS | [011 111 001 100 100 000] ⊕ [110 011 010 101 100 110] = [111 111 011 101 100 110]
| 291 | KTHLLE | SKIRRS | TTKRRS | [011 111 001 100 100 000] ⊕ [110 011 010 101 101 110] = [111 111 011 101 101 110]
| 292 | KTHLLE | SKIRTS | TTKRTS | [011 111 001 100 100 000] ⊕ [110 011 010 101 111 110] = [111 111 011 101 111 110]
| 293 | KTHLLE | SKITER | TTKTLR | [011 111 001 100 100 000] ⊕ [110 011 010 111 000 101] = [111 111 011 111 100 101]
| 294 | KTHLLE | SKITES | TTKTLS | [011 111 001 100 100 000] ⊕ [110 011 010 111 000 110] = [111 111 011 111 100 110]
| 295 | KTHLLE | SKREEL | TTRLLL | [011 111 001 100 100 000] ⊕ [110 011 101 000 000 100] = [111 111 101 100 100 100]
| 296 | KTHLLE | SKRIKE | TTRSTE | [011 111 001 100 100 000] ⊕ [110 011 101 010 011 000] = [111 111 101 110 111 000]
| 297 | KTHLLE | SLEEKS | TTHLTS | [011 111 001 100 100 000] ⊕ [110 100 000 000 011 110] = [111 111 001 100 111 110]
| 298 | KTHLLE | SLEETS | TTHLTS | [011 111 001 100 100 000] ⊕ [110 100 000 000 111 110] = [111 111 001 100 111 110]
| 299 | KTHLLE | SLIEST | TTKLST | [011 111 001 100 100 000] ⊕ [110 100 010 000 110 111] = [111 111 011 100 110 111]
| 300 | KTHLLE | SSTTSS | TTTTSS | [011 111 001 100 100 000] ⊕ [110 110 111 111 110 110] = [111 111 111 111 110 110]
| 301 | KTHLLE | STEEKS | TTHLTS | [011 111 001 100 100 000] ⊕ [110 111 000 000 011 110] = [111 111 001 100 111 110]
| 302 | KTHLLE | STEELE | TTHLLE | [011 111 001 100 100 000] ⊕ [110 111 000 000 100 000] = [111 111 001 100 100 000]
| 303 | KTHLLE | STEELS | TTHLLS | [011 111 001 100 100 000] ⊕ [110 111 000 000 100 110] = [111 111 001 100 100 110]
| 304 | KTHLLE | STEERE | TTHLRE | [011 111 001 100 100 000] ⊕ [110 111 000 000 101 000] = [111 111 001 100 101 000]
| 305 | KTHLLE | STEERS | TTHLRS | [011 111 001 100 100 000] ⊕ [110 111 000 000 101 110] = [111 111 001 100 101 110]
| 306 | KTHLLE | STEIER | TTHSLR | [011 111 001 100 100 000] ⊕ [110 111 000 010 000 101] = [111 111 001 110 100 101]
| 307 | KTHLLE | STELES | TTHLLS | [011 111 001 100 100 000] ⊕ [110 111 000 100 000 110] = [111 111 001 100 100 110]
| 308 | KTHLLE | STELLE | TTHLLE | [011 111 001 100 100 000] ⊕ [110 111 000 100 100 000] = [111 111 001 100 100 000]
| 309 | KTHLLE | STERES | TTHRLS | [011 111 001 100 100 000] ⊕ [110 111 000 101 000 110] = [111 111 001 101 100 110]
| 310 | KTHLLE | STILES | TTKLLS | [011 111 001 100 100 000] ⊕ [110 111 010 100 000 110] = [111 111 011 100 100 110]
| 311 | KTHLLE | STILET | TTKLLT | [011 111 001 100 100 000] ⊕ [110 111 010 100 000 111] = [111 111 011 100 100 111]
| 312 | KTHLLE | STILLS | TTKLLS | [011 111 001 100 100 000] ⊕ [110 111 010 100 100 110] = [111 111 011 100 100 110]
| 313 | KTHLLE | STILTS | TTKLTS | [011 111 001 100 100 000] ⊕ [110 111 010 100 111 110] = [111 111 011 100 111 110]
| 314 | KTHLLE | STIRKS | TTKRTS | [011 111 001 100 100 000] ⊕ [110 111 010 101 011 110] = [111 111 011 101 111 110]
| 315 | KTHLLE | STITES | TTKTLS | [011 111 001 100 100 000] ⊕ [110 111 010 111 000 110] = [111 111 011 111 100 110]
| 316 | KTHLLE | STITHE | TTKTRE | [011 111 001 100 100 000] ⊕ [110 111 010 111 001 000] = [111 111 011 111 101 000]
| 317 | KTHLLE | STREEK | TTRLLK | [011 111 001 100 100 000] ⊕ [110 111 101 000 000 011] = [111 111 101 100 100 011]
| 318 | KTHLLE | STREEL | TTRLLL | [011 111 001 100 100 000] ⊕ [110 111 101 000 000 100] = [111 111 101 100 100 100]
| 319 | KTHLLE | STREET | TTRLLT | [011 111 001 100 100 000] ⊕ [110 111 101 000 000 111] = [111 111 101 100 100 111]
| 320 | KTHLLE | STREIT | TTRLST | [011 111 001 100 100 000] ⊕ [110 111 101 000 010 111] = [111 111 101 100 110 111]
| 321 | KTHLLE | STREKE | TTRLTE | [011 111 001 100 100 000] ⊕ [110 111 101 000 011 000] = [111 111 101 100 111 000]
| 322 | KTHLLE | STRESS | TTRLSS | [011 111 001 100 100 000] ⊕ [110 111 101 000 110 110] = [111 111 101 100 110 110]
| 323 | KTHLLE | STRIKE | TTRSTE | [011 111 001 100 100 000] ⊕ [110 111 101 010 011 000] = [111 111 101 110 111 000]
| 324 | KTHLLE | TEERER | TTHRLR | [011 111 001 100 100 000] ⊕ [111 000 000 101 000 101] = [111 111 001 101 100 101]
| 325 | KTHLLE | TEETEE | TTHTLE | [011 111 001 100 100 000] ⊕ [111 000 000 111 000 000] = [111 111 001 111 100 000]
| 326 | KTHLLE | TEETER | TTHTLR | [011 111 001 100 100 000] ⊕ [111 000 000 111 000 101] = [111 111 001 111 100 101]
| 327 | KTHLLE | TEETHE | TTHTRE | [011 111 001 100 100 000] ⊕ [111 000 000 111 001 000] = [111 111 001 111 101 000]
| 328 | KTHLLE | TEHSIL | TTHSSL | [011 111 001 100 100 000] ⊕ [111 000 001 110 010 100] = [111 111 001 110 110 100]
| 329 | KTHLLE | TEIHTE | TTKRTE | [011 111 001 100 100 000] ⊕ [111 000 010 001 111 000] = [111 111 011 101 111 000]
| 330 | KTHLLE | TELLEE | TTRLLE | [011 111 001 100 100 000] ⊕ [111 000 100 100 000 000] = [111 111 101 100 100 000]
| 331 | KTHLLE | TELLER | TTRLLR | [011 111 001 100 100 000] ⊕ [111 000 100 100 000 101] = [111 111 101 100 100 101]
| 332 | KTHLLE | TERESE | TTRLSE | [011 111 001 100 100 000] ⊕ [111 000 101 000 110 000] = [111 111 101 100 110 000]
| 333 | KTHLLE | TERETE | TTRLTE | [011 111 001 100 100 000] ⊕ [111 000 101 000 111 000] = [111 111 101 100 111 000]
| 334 | KTHLLE | TERREL | TTRRLL | [011 111 001 100 100 000] ⊕ [111 000 101 101 000 100] = [111 111 101 101 100 100]
| 335 | KTHLLE | TERRET | TTRRLT | [011 111 001 100 100 000] ⊕ [111 000 101 101 000 111] = [111 111 101 101 100 111]
| 336 | KTHLLE | TERRIE | TTRRSE | [011 111 001 100 100 000] ⊕ [111 000 101 101 010 000] = [111 111 101 101 110 000]
| 337 | KTHLLE | TERRIL | TTRRSL | [011 111 001 100 100 000] ⊕ [111 000 101 101 010 100] = [111 111 101 101 110 100]
| 338 | KTHLLE | TERRIS | TTRRSS | [011 111 001 100 100 000] ⊕ [111 000 101 101 010 110] = [111 111 101 101 110 110]
| 339 | KTHLLE | TERRIT | TTRRST | [011 111 001 100 100 000] ⊕ [111 000 101 101 010 111] = [111 111 101 101 110 111]
| 340 | KTHLLE | TERSER | TTRSLR | [011 111 001 100 100 000] ⊕ [111 000 101 110 000 101] = [111 111 101 110 100 101]
| 341 | KTHLLE | TERTII | TTRTSI | [011 111 001 100 100 000] ⊕ [111 000 101 111 010 010] = [111 111 101 111 110 010]
| 342 | KTHLLE | TESLER | TTTLLR | [011 111 001 100 100 000] ⊕ [111 000 110 100 000 101] = [111 111 111 100 100 101]
| 343 | KTHLLE | TESSEL | TTTSLL | [011 111 001 100 100 000] ⊕ [111 000 110 110 000 100] = [111 111 111 110 100 100]
| 344 | KTHLLE | TESSIE | TTTSSE | [011 111 001 100 100 000] ⊕ [111 000 110 110 010 000] = [111 111 111 110 110 000]
| 345 | KTHLLE | TESTEE | TTTTLE | [011 111 001 100 100 000] ⊕ [111 000 110 111 000 000] = [111 111 111 111 100 000]
| 346 | KTHLLE | TESTER | TTTTLR | [011 111 001 100 100 000] ⊕ [111 000 110 111 000 101] = [111 111 111 111 100 101]
| 347 | KTHLLE | TESTES | TTTTLS | [011 111 001 100 100 000] ⊕ [111 000 110 111 000 110] = [111 111 111 111 100 110]
| 348 | KTHLLE | TESTIS | TTTTSS | [011 111 001 100 100 000] ⊕ [111 000 110 111 010 110] = [111 111 111 111 110 110]
| 349 | KTHLLE | TETHER | TTTRLR | [011 111 001 100 100 000] ⊕ [111 000 111 001 000 101] = [111 111 111 101 100 101]
| 350 | KTHLLE | TETTER | TTTTLR | [011 111 001 100 100 000] ⊕ [111 000 111 111 000 101] = [111 111 111 111 100 101]
| 351 | KTHLLE | THEIRS | TTHSRS | [011 111 001 100 100 000] ⊕ [111 001 000 010 101 110] = [111 111 001 110 101 110]
| 352 | KTHLLE | THEISS | TTHSSS | [011 111 001 100 100 000] ⊕ [111 001 000 010 110 110] = [111 111 001 110 110 110]
| 353 | KTHLLE | THEIST | TTHSST | [011 111 001 100 100 000] ⊕ [111 001 000 010 110 111] = [111 111 001 110 110 111]
| 354 | KTHLLE | THERES | TTHRLS | [011 111 001 100 100 000] ⊕ [111 001 000 101 000 110] = [111 111 001 101 100 110]
| 355 | KTHLLE | THESES | TTHSLS | [011 111 001 100 100 000] ⊕ [111 001 000 110 000 110] = [111 111 001 110 100 110]
| 356 | KTHLLE | THESIS | TTHSSS | [011 111 001 100 100 000] ⊕ [111 001 000 110 010 110] = [111 111 001 110 110 110]
| 357 | KTHLLE | THETES | TTHTLS | [011 111 001 100 100 000] ⊕ [111 001 000 111 000 110] = [111 111 001 111 100 110]
| 358 | KTHLLE | THETIS | TTHTSS | [011 111 001 100 100 000] ⊕ [111 001 000 111 010 110] = [111 111 001 111 110 110]
| 359 | KTHLLE | THIERS | TTKLRS | [011 111 001 100 100 000] ⊕ [111 001 010 000 101 110] = [111 111 011 100 101 110]
| 360 | KTHLLE | THILLS | TTKLLS | [011 111 001 100 100 000] ⊕ [111 001 010 100 100 110] = [111 111 011 100 100 110]
| 361 | KTHLLE | THIRLS | TTKRLS | [011 111 001 100 100 000] ⊕ [111 001 010 101 100 110] = [111 111 011 101 100 110]
| 362 | KTHLLE | THIRST | TTKRST | [011 111 001 100 100 000] ⊕ [111 001 010 101 110 111] = [111 111 011 101 110 111]
| 363 | KTHLLE | THISLL | TTKSLL | [011 111 001 100 100 000] ⊕ [111 001 010 110 100 100] = [111 111 011 110 100 100]
| 364 | KTHLLE | THITSI | TTKTSI | [011 111 001 100 100 000] ⊕ [111 001 010 111 110 010] = [111 111 011 111 110 010]
| 365 | KTHLLE | THREES | TTRLLS | [011 111 001 100 100 000] ⊕ [111 001 101 000 000 110] = [111 111 101 100 100 110]
| 366 | KTHLLE | THRESH | TTRLSH | [011 111 001 100 100 000] ⊕ [111 001 101 000 110 001] = [111 111 101 100 110 001]
| 367 | KTHLLE | THRILL | TTRSLL | [011 111 001 100 100 000] ⊕ [111 001 101 010 100 100] = [111 111 101 110 100 100]
| 368 | KTHLLE | THRIST | TTRSST | [011 111 001 100 100 000] ⊕ [111 001 101 010 110 111] = [111 111 101 110 110 111]
| 369 | KTHLLE | TIERER | TTHRLR | [011 111 001 100 100 000] ⊕ [111 010 000 101 000 101] = [111 111 001 101 100 101]
| 370 | KTHLLE | TIKKER | TTKTLR | [011 111 001 100 100 000] ⊕ [111 010 011 011 000 101] = [111 111 011 111 100 101]
| 371 | KTHLLE | TILERS | TTRLRS | [011 111 001 100 100 000] ⊕ [111 010 100 000 101 110] = [111 111 101 100 101 110]
| 372 | KTHLLE | TILLER | TTRLLR | [011 111 001 100 100 000] ⊕ [111 010 100 100 000 101] = [111 111 101 100 100 101]
| 373 | KTHLLE | TILLET | TTRLLT | [011 111 001 100 100 000] ⊕ [111 010 100 100 000 111] = [111 111 101 100 100 111]
| 374 | KTHLLE | TILLIE | TTRLSE | [011 111 001 100 100 000] ⊕ [111 010 100 100 010 000] = [111 111 101 100 110 000]
| 375 | KTHLLE | TILSIT | TTRSST | [011 111 001 100 100 000] ⊕ [111 010 100 110 010 111] = [111 111 101 110 110 111]
| 376 | KTHLLE | TILTER | TTRTLR | [011 111 001 100 100 000] ⊕ [111 010 100 111 000 101] = [111 111 101 111 100 101]
| 377 | KTHLLE | TILTHS | TTRTRS | [011 111 001 100 100 000] ⊕ [111 010 100 111 001 110] = [111 111 101 111 101 110]
| 378 | KTHLLE | TIRRET | TTRRLT | [011 111 001 100 100 000] ⊕ [111 010 101 101 000 111] = [111 111 101 101 100 111]
| 379 | KTHLLE | TIRRIT | TTRRST | [011 111 001 100 100 000] ⊕ [111 010 101 101 010 111] = [111 111 101 101 110 111]
| 380 | KTHLLE | TISHRI | TTTRRI | [011 111 001 100 100 000] ⊕ [111 010 110 001 101 010] = [111 111 111 101 101 010]
| 381 | KTHLLE | TITERS | TTTLRS | [011 111 001 100 100 000] ⊕ [111 010 111 000 101 110] = [111 111 111 100 101 110]
| 382 | KTHLLE | TITHER | TTTRLR | [011 111 001 100 100 000] ⊕ [111 010 111 001 000 101] = [111 111 111 101 100 101]
| 383 | KTHLLE | TITHES | TTTRLS | [011 111 001 100 100 000] ⊕ [111 010 111 001 000 110] = [111 111 111 101 100 110]
| 384 | KTHLLE | TITIES | TTTSLS | [011 111 001 100 100 000] ⊕ [111 010 111 010 000 110] = [111 111 111 110 100 110]
| 385 | KTHLLE | TITLER | TTTLLR | [011 111 001 100 100 000] ⊕ [111 010 111 100 000 101] = [111 111 111 100 100 101]
| 386 | KTHLLE | TITLES | TTTLLS | [011 111 001 100 100 000] ⊕ [111 010 111 100 000 110] = [111 111 111 100 100 110]
| 387 | KTHLLE | TITRES | TTTRLS | [011 111 001 100 100 000] ⊕ [111 010 111 101 000 110] = [111 111 111 101 100 110]
| 388 | KTHLLE | TITTER | TTTTLR | [011 111 001 100 100 000] ⊕ [111 010 111 111 000 101] = [111 111 111 111 100 101]
| 389 | KTHLLE | TITTIE | TTTTSE | [011 111 001 100 100 000] ⊕ [111 010 111 111 010 000] = [111 111 111 111 110 000]
| 390 | KTHLLE | TITTLE | TTTTLE | [011 111 001 100 100 000] ⊕ [111 010 111 111 100 000] = [111 111 111 111 100 000]
| 391 | KTHLLE | TRESIS | TTHSSS | [011 111 001 100 100 000] ⊕ [111 101 000 110 010 110] = [111 111 001 110 110 110]
| 392 | KTHLLE | TRETIS | TTHTSS | [011 111 001 100 100 000] ⊕ [111 101 000 111 010 110] = [111 111 001 111 110 110]
| 393 | KTHLLE | TRIERS | TTKLRS | [011 111 001 100 100 000] ⊕ [111 101 010 000 101 110] = [111 111 011 100 101 110]
| 394 | KTHLLE | TRIKER | TTKTLR | [011 111 001 100 100 000] ⊕ [111 101 010 011 000 101] = [111 111 011 111 100 101]
| 395 | KTHLLE | TRIKES | TTKTLS | [011 111 001 100 100 000] ⊕ [111 101 010 011 000 110] = [111 111 011 111 100 110]
| 396 | KTHLLE | TRIKIR | TTKTSR | [011 111 001 100 100 000] ⊕ [111 101 010 011 010 101] = [111 111 011 111 110 101]
| 397 | KTHLLE | TRILIT | TTKLST | [011 111 001 100 100 000] ⊕ [111 101 010 100 010 111] = [111 111 011 100 110 111]
| 398 | KTHLLE | TRILLI | TTKLLI | [011 111 001 100 100 000] ⊕ [111 101 010 100 100 010] = [111 111 011 100 100 010]
| 399 | KTHLLE | TRILLS | TTKLLS | [011 111 001 100 100 000] ⊕ [111 101 010 100 100 110] = [111 111 011 100 100 110]
| 400 | KTHLLE | TRISTE | TTKSTE | [011 111 001 100 100 000] ⊕ [111 101 010 110 111 000] = [111 111 011 110 111 000]
| 401 | KTHLLE | TRITER | TTKTLR | [011 111 001 100 100 000] ⊕ [111 101 010 111 000 101] = [111 111 011 111 100 101]
| 402 | KTHLLE | TSETSE | TTHTSE | [011 111 001 100 100 000] ⊕ [111 110 000 111 110 000] = [111 111 001 111 110 000]
| 403 | KTHLLE | TSKTSK | TTKTSK | [011 111 001 100 100 000] ⊕ [111 110 011 111 110 011] = [111 111 011 111 110 011]
+=====+========+========+========+
